13 2 2 6 3 8 
60 21 9 16 5 10 86 416 1 2 7 1 3 
21 27 
27 10 
15 21 5 9 20 82 20 5 21 16 4 9 30 88 65 5 3 7 4 13 1 24 
12 30 2 12 6 4 27 12 
7 
39 2 411 13 9 12 12 11 99 75 9 4 8 53 2 12 577 148 71 38 9 5 9 5 416 16 5 2 3 133 33 17 5 8 4 1 15 72 
85 
2 51 1 4 8 
53 27 4 5 17 
53 42 9 22 3 34 21 5 20 9 416 2 7 88 9 75 18 44 
21 6 
411 36 38 74 6 5 2 
8 6 8 
411 6 3 5 14 6 5 620 
6 
72 
411 24 7 7 
26 12 5 18 
8 2 58 5 577 9 12 5 
2 
23 7 34 26 58 5 2 577 3 5 9 2 3 4 
411 134 189 29 3 2 9 9 577 15 6 4 
3 11 42 148 8 3 8 2 15 3 75 
25 28 23 5 47 2 22 3 33 12 620 5 
7 
53 19 24 7 
22 14 7 
5 5 15 75 9 
13 60 17 16 7 15 
55 6 7 3 
11 
3 
21 21 90 14 2 6 18 15 620 2 3 
15 12 3 22 4 5 2 35 86 4 7 4 
16 2 7 15 28 13 18 
10 
11 
29 23 
12 4 17 3 2 4 25 12 10 
3 
411 11 9 
19 13 3 12 13 57 5 416 43 4 5 38 7 7 5 
9 620 
411 4 
6 6 21 3 
12 9 2 7 13 1 35 15 11 12 11 12 88 620 
73 24 
39 15 15 4 231 5 7 7 5 577 3 88 620 3 3 
14 
3 577 416 12 18 
3 
2 577 2 4 
3 58 7 133 65 6 
1 
620 
23 13 
4 8 
21 74 7 231 11 20 10 25 7 18 138 75 620 
4 
24 5 12 43 33 4 44 
134 25 24 577 12 620 
19 91 
134 36 13 24 2 189 1 51 5 6 36 10 37 14 2 4 6 10 55 53 577 2 1 9 5 33 6 54 416 3 4 22 65 42 133 6 3 2 9 
9 620 
74 4 620 
8 
55 75 15 
4 
6 
1 24 39 99 82 5 37 17 16 23 90 58 53 3 9 2 4 9 57 17 15 75 5 7 5 
1 
411 9 
32 33 30 44 4 
60 5 6 18 577 53 25 12 36 9 3 8 18 12 11 
3 6 41 4 231 55 2 148 19 22 39 10 29 7 
9 4 3 2 2 82 3 3 4 22 85 7 23 9 58 1 6 15 13 4 91 15 5 1 44 33 3 11 2 21 6 138 2 9 
416 
17 14 
3 51 37 5 5 
620 5 
19 12 
411 134 2 4 60 4 23 620 
1 15 90 15 21 
411 22 15 9 20 129 4 620 
7 7 10 17 11 
3 
33 33 14 10 4 73 23 13 53 58 60 3 7 620 25 9 
411 134 10 14 6 148 9 
2 4 
4 4 8 620 
16 21 53 19 10 58 7 30 5 82 18 3 5 11 4 2 25 46 44 57 10 8 32 1 5 10 8 2 3 
134 34 29 51 577 56 5 
5 
134 16 13 4 
12 12 
4 577 11 8 
5 4 4 4 
189 75 7 13 56 12 13 416 13 8 620 2 6 
5 13 
27 620 14 
411 5 9 4 17 29 29 8 3 86 2 32 4 4 
6 416 620 
620 
41 21 3 90 416 18 
9 10 37 11 9 13 16 7 8 10 
134 10 33 5 577 8 5 
5 53 91 3 620 
39 74 58 189 30 55 5 128 44 133 29 138 13 
3 4 9 
2 3 416 3 
13 5 231 36 148 46 17 4 4 3 138 1 2 
43 8 38 21 4 4 11 19 91 15 71 3 2 7 9 7 18 3 29 
39 16 82 18 7 17 128 57 13 33 
7 
6 6 
3 17 
1 90 416 5 17 
4 33 15 13 29 16 9 2 
6 15 11 24 22 34 23 4 3 11 8 22 13 2 416 8 13 29 3 6 5 9 4 
10 22 14 27 18 6 37 3 22 6 38 5 7 29 416 7 7 65 4 
29 416 12 620 10 
8 
19 2 23 58 189 231 99 23 58 577 10 416 620 72 
11 128 21 
10 12 189 5 2 12 5 34 26 7 6 33 2 7 6 1 86 6 27 8 15 27 
411 23 23 4 18 
23 2 16 12 5 
5 17 
20 17 19 12 47 42 3 4 4 148 9 2 2 7 416 15 6 43 33 30 44 2 11 17 27 2 
4 6 13 
9 12 
231 12 
6 
7 
3 
5 
411 134 2 10 15 12 14 27 5 17 12 17 91 12 8 10 10 
17 
8 3 73 4 6 61 
7 12 133 620 
5 11 8 231 4 47 25 53 57 16 6 7 
4 99 3 
3 90 55 22 6 7 53 5 8 416 1 88 133 8 
21 11 
1 16 57 
9 2 8 3 
12 
15 13 
19 
3 
231 4 3 19 138 
4 3 
13 17 5 7 9 6 22 11 7 16 4 2 6 8 2 
19 1 8 416 
8 9 1 6 8 73 53 12 91 2 5 54 35 
4 3 39 71 4 6 39 
9 42 3 
411 7 26 4 14 129 3 16 57 44 6 23 
411 42 4 18 2 5 13 5 15 71 5 24 
134 13 4 2 14 13 12 7 6 5 7 15 620 
9 21 24 27 620 
9 12 6 4 3 9 13 4 2 73 22 25 10 5 5 12 8 4 21 8 34 4 9 
128 1 5 3 
3 
4 134 74 189 23 23 577 39 57 29 620 5 7 
7 6 57 13 9 58 5 13 4 577 2 26 17 17 
11 73 577 24 19 75 
39 128 2 39 
21 
20 9 4 15 12 2 5 10 11 11 15 2 5 17 11 4 53 91 5 8 5 4 10 3 5 6 
20 577 39 71 620 
30 3 21 
90 577 8 1 4 15 22 19 
6 22 8 620 
9 
26 18 
6 129 85 416 
90 
13 23 5 577 91 71 4 19 620 25 61 
411 7 29 8 85 17 53 1 90 6 39 9 15 8 44 4 
1 18 4 7 4 8 620 3 
16 411 13 30 33 
411 7 
6 14 
39 10 6 5 8 23 11 148 10 2 4 4 4 11 14 
47 21 2 9 
3 33 7 8 8 16 133 6 5 12 
17 5 20 3 58 128 577 25 2 25 39 620 13 
7 7 
620 
6 
13 11 34 4 6 620 4 5 
8 10 
2 6 5 
21 
15 60 134 4 30 6 
3 46 2 11 
8 27 12 11 
7 
12 416 65 
411 7 2 90 22 577 71 65 19 
9 37 14 73 25 577 416 620 27 
6 4 
14 
3 15 24 11 6 2 30 4 2 1 8 
13 6 15 17 18 14 7 85 5 5 35 53 13 18 10 3 4 6 11 54 15 2 8 9 10 4 42 
620 
17 231 6 9 128 
60 
6 6 
4 10 2 4 9 3 1 4 3 577 13 20 416 620 2 5 
620 
6 
73 
16 18 22 29 5 30 44 34 
3 
19 58 2 28 9 2 
11 4 416 12 
7 41 17 6 85 2 8 1 7 8 46 4 54 13 133 9 75 5 1 
1 8 60 9 60 577 33 4 14 6 
15 134 231 34 8 
37 6 416 6 
10 14 
33 29 
36 6 189 37 231 22 128 577 148 3 7 4 138 61 9 72 23 
24 20 8 
411 5 5 99 47 2 20 85 16 12 1 5 2 91 56 90 19 8 5 
10 27 
55 134 14 99 37 7 13 57 7 19 1 75 620 8 9 72 
60 19 9 128 15 8 1 1 6 7 1 15 11 
21 19 34 90 
134 11 5 
11 23 
20 
42 12 30 8 71 20 
411 2 620 
5 
21 13 5 189 11 3 8 12 22 7 3 21 58 58 128 18 9 5 3 33 17 6 18 5 6 16 33 2 8 17 6 
9 2 
9 14 7 2 
53 58 189 12 8 27 14 577 4 2 26 2 
18 10 
416 
3 2 7 11 2 4 620 
25 14 8 
11 23 7 
6 73 7 
9 4 3 4 1 38 28 4 6 19 37 91 15 8 10 416 7 3 
3 7 2 13 55 33 9 8 5 416 11 1 10 
18 5 22 12 
33 16 7 231 73 3 577 57 33 3 21 
19 28 620 
5 27 
148 21 13 28 
231 4 13 4 7 7 28 577 148 57 11 7 5 620 
411 134 189 2 51 2 577 16 3 14 39 12 620 44 5 34 12 13 
411 2 10 13 
6 5 4 9 18 6 3 4 34 58 28 577 9 2 28 86 6 4 16 88 13 42 35 34 25 12 11 2 24 
6 3 26 21 57 7 17 
55 33 
25 1 
11 1 5 5 5 21 17 1 4 11 
20 11 4 189 57 4 46 8 65 38 12 
4 
73 6 9 10 620 5 7 
6 13 
411 47 
411 2 12 3 21 4 88 36 3 620 24 
3 2 
22 
1 16 20 6 
5 2 28 620 
10 13 13 6 4 231 9 3 7 90 2 9 577 53 12 1 3 8 21 16 36 43 4 5 34 18 
5 4 2 33 2 
9 18 13 620 
6 620 
411 2 11 6 12 23 6 10 58 9 577 21 
21 26 22 2 7 11 33 
14 22 
411 
4 3 82 2 9 21 13 13 620 9 
2 9 189 21 4 18 7 34 8 4 26 75 12 3 24 
25 6 2 
53 6 9 2 38 12 138 
16 
1 7 5 9 4 53 33 577 15 16 4 4 416 3 88 10 20 620 3 6 25 72 44 23 
4 4 
2 11 7 28 
9 4 
129 20 3 86 
4 11 6 82 73 2 7 577 40 12 9 6 3 416 88 9 33 620 6 24 
4 411 15 13 20 4 14 7 37 85 148 91 14 28 8 15 38 8 620 25 61 23 9 2 
18 
1 2 1 8 9 
14 10 20 20 
2 
411 13 6 15 5 16 8 99 7 7 75 11 21 5 577 4 2 11 39 6 13 5 21 
5 
19 
3 37 3 3 3 5 17 
2 21 3 3 620 
7 620 
7 620 
4 12 7 620 
13 9 3 5 3 72 
4 
189 37 18 11 15 7 577 10 13 71 20 57 17 5 3 21 138 8 1 65 5 
3 1 1 4 
8 
411 9 32 2 17 12 30 3 2 7 24 
4 
10 22 6 20 2 
411 51 18 577 15 5 30 6 3 2 
3 7 30 
22 12 
7 5 189 57 2 16 5 2 5 7 17 416 138 22 7 5 
24 5 416 
416 12 
5 14 23 12 5 
189 13 13 7 29 3 34 
411 416 
7 12 9 129 19 90 15 17 
7 8 620 
3 2 9 9 
6 577 19 21 
411 27 44 
13 22 
6 7 6 4 17 231 30 13 14 27 16 5 2 53 15 577 9 32 9 138 4 1 4 2 24 
4 7 12 3 
9 6 15 
3 5 
9 7 11 8 12 5 2 23 4 15 20 27 3 12 88 5 12 4 4 11 4 3 
1 9 5 17 7 11 27 28 65 
411 11 2 10 21 20 6 15 13 21 9 
8 10 4 189 11 99 3 34 5 58 577 148 3 57 32 33 13 24 
8 22 620 
3 
2 
411 129 65 25 
55 60 134 11 74 10 14 189 99 18 23 10 23 5 6 21 9 53 33 577 91 57 56 5 17 25 5 1 10 4 27 
99 33 23 32 17 
99 90 33 32 
73 577 
3 189 14 
2 12 34 3 4 
9 411 13 3 38 26 
12 3 5 7 
5 
4 3 90 8 
15 3 27 22 9 12 4 
6 4 
1 
2 
1 13 2 12 2 6 15 5 10 129 9 18 15 22 53 4 577 6 1 8 
231 73 577 
22 3 138 17 
4 25 37 18 58 7 620 10 1 21 23 
75 11 138 17 5 
55 3 13 5 620 
19 6 129 11 
16 12 15 58 22 
2 
12 
17 
3 
12 
14 33 22 189 7 51 18 3 4 4 14 12 128 577 13 9 56 16 9 14 86 8 416 16 19 4 5 4 75 8 13 7 
7 
411 42 5 65 13 5 
6 5 189 12 4 231 9 38 85 5 27 5 37 37 40 29 86 8 21 43 22 88 43 3 61 18 3 2 
5 2 3 3 
411 4 3 13 6 15 577 7 11 5 5 
5 23 5 7 
9 577 75 
14 26 12 16 12 
4 9 7 72 
38 8 6 
7 
3 5 22 23 9 7 577 148 9 1 11 8 7 20 15 416 4 9 7 
5 14 24 13 
411 12 16 10 37 85 10 46 9 13 11 6 133 4 11 2 
4 14 5 30 577 13 8 9 5 22 33 7 2 
13 1 56 16 620 3 11 3 4 
32 
7 10 10 13 12 7 18 60 46 14 14 86 5 43 26 9 12 25 9 14 
11 14 12 
9 19 10 
5 10 20 14 
19 620 
38 74 82 9 12 138 
9 19 
74 75 6 577 20 11 
20 22 
10 73 
22 10 5 7 
39 12 3 11 8 47 17 22 148 91 25 71 9 26 416 8 25 
14 
18 620 
3 58 2 42 7 19 8 18 37 20 16 3 19 577 416 5 7 88 8 620 
138 
57 7 57 10 
2 47 18 2 6 18 11 7 
8 
18 620 
29 1 
620 
620 
39 18 13 41 51 9 148 4 3 4 
3 2 12 25 30 86 3 23 22 18 
5 3 13 51 2 65 
3 3 11 
2 6 
411 34 11 231 51 17 577 56 16 5 4 75 17 
3 30 8 3 
5 21 12 
74 22 9 5 8 75 6 44 
73 2 14 7 
620 
71 61 
36 20 4 3 4 189 29 18 51 28 58 60 53 22 577 56 25 3 6 9 8 133 138 620 11 65 
25 13 
18 
411 134 4 9 7 11 22 2 7 620 2 
4 3 57 7 7 14 27 3 29 21 13 4 577 5 5 86 11 88 44 3 65 
60 38 30 4 58 91 11 25 6 4 3 
16 7 3 6 9 38 8 35 15 6 12 26 7 7 
10 9 12 37 17 6 11 7 32 6 
4 10 
4 28 6 9 
20 58 189 14 1 128 28 577 20 21 7 22 2 46 4 416 27 3 8 
411 
16 14 3 65 
65 
11 7 
19 16 9 1 41 11 7 15 20 16 21 8 22 46 47 14 16 20 3 32 54 27 65 8 620 5 
15 3 30 8 13 
411 16 9 128 577 12 38 3 6 4 620 8 44 
411 11 8 138 3 
55 411 
1 231 43 
60 6 3 3 4 6 21 1 4 5 32 3 620 15 
17 82 40 
8 
19 71 3 18 3 17 61 13 16 
53 56 33 4 
8 7 
3 
17 16 90 416 12 2 7 
1 9 3 3 5 10 11 4 
8 6 8 
11 9 4 8 138 10 620 
4 47 2 128 4 138 620 27 
411 74 2 128 577 5 10 5 
9 19 5 8 
411 42 13 24 37 43 16 32 28 4 
18 
134 32 16 1 4 74 6 26 6 4 4 8 577 21 6 47 2 10 11 416 19 1 4 6 620 19 8 
20 22 9 
6 148 
16 4 7 5 3 21 
9 4 3 
2 3 129 
21 
9 13 29 15 7 4 3 1 14 25 3 4 2 620 22 16 7 44 
5 22 577 13 4 14 5 16 
411 53 5 
8 2 20 6 
189 4 
39 7 39 2 2 72 
24 
6 9 3 
7 5 44 
47 
4 4 15 14 577 5 4 
17 23 
1 8 2 4 4 9 3 6 
9 17 43 6 6 231 13 6 2 1 3 3 90 5 15 25 11 14 12 10 34 19 5 23 11 4 12 3 
1 8 58 58 577 32 8 27 
16 411 29 
411 9 4 58 577 38 5 620 
411 34 
411 
9 129 
3 13 29 
71 21 
6 14 
11 35 22 
19 416 7 
21 18 73 19 
16 11 3 128 13 5 16 
60 58 577 4 
20 21 16 20 4 
19 1 11 
13 8 7 
8 3 138 
19 24 
2 42 20 7 12 7 8 3 91 7 12 2 
7 9 2 2 
14 
411 43 3 22 90 6 5 3 36 133 5 
4 
4 57 14 42 37 9 9 12 57 8 3 4 4 9 3 42 12 24 
41 14 
9 30 99 5 16 12 1 30 13 46 9 5 4 620 5 9 
10 
7 
10 41 7 46 7 17 
10 1 
10 17 14 18 11 620 4 
18 15 4 
2 9 4 39 13 620 23 
4 3 
23 3 2 5 2 82 10 9 16 2 577 3 1 33 7 86 3 13 3 4 3 2 2 8 
7 10 1 4 22 57 
6 416 8 
11 3 7 
44 
99 4 9 60 6 13 17 
4 10 8 
18 
1 23 17 
23 
411 19 55 577 10 29 14 
10 11 39 18 13 71 12 8 2 3 3 
2 6 231 40 1 
9 5 3 73 9 6 22 2 3 3 5 7 620 25 
29 22 10 20 17 15 21 
12 28 3 
11 7 189 1 33 2 231 4 11 9 6 53 20 4 4 5 4 6 23 2 17 5 8 
411 128 3 
23 3 51 6 1 
47 12 7 
5 
36 
7 10 129 19 3 28 620 17 
18 133 5 11 
24 11 9 37 
3 
15 19 
36 26 21 19 13 620 4 
411 7 18 9 46 7 16 38 25 
9 60 19 10 7 85 5 6 9 148 91 10 46 7 71 9 16 13 7 38 25 
11 42 4 6 71 7 7 2 7 
11 7 6 
17 7 
2 
2 33 74 2 5 4 9 22 577 7 1 16 19 4 1 
411 5 7 
134 4 20 21 37 73 14 21 6 9 12 4 8 5 
23 12 3 20 21 3 
7 8 
5 4 6 6 13 577 16 12 138 620 8 
4 3 5 29 17 
6 
7 2 13 4 4 
4 5 7 26 
14 51 11 15 5 33 4 
12 90 
23 27 3 
4 10 10 29 128 72 
17 73 13 3 14 9 
39 60 9 2 9 11 3 1 6 53 53 40 11 133 33 9 4 3 
416 23 
13 
39 20 5 14 99 3 22 6 5 8 4 2 9 6 21 148 91 57 4 90 1 3 4 4 9 8 4 6 9 1 7 4 30 3 
22 416 
13 74 9 6 8 4 23 91 2 12 2 2 
411 32 6 58 17 99 9 18 3 7 21 13 3 27 128 577 13 13 4 11 22 7 7 86 14 620 7 11 25 
82 8 53 22 577 16 1 13 29 11 
28 71 18 
58 43 82 18 12 577 22 2 
25 
2 3 1 
7 577 25 16 61 
2 5 5 58 
5 
411 12 231 577 9 10 138 620 
8 12 
2 14 1 
23 9 
411 20 53 10 1 36 3 2 231 4 21 5 34 19 128 18 577 24 3 2 18 17 
21 2 2 231 3 20 9 2 6 26 46 416 3 8 3 5 
55 7 7 6 7 1 
71 90 25 11 
27 
3 2 6 7 
11 620 
11 133 
18 13 
12 23 2 8 5 30 
231 3 3 3 4 8 138 1 
55 15 3 2 34 4 577 12 91 18 71 12 9 8 42 34 61 
411 189 4 12 129 5 1 9 55 30 128 5 38 18 44 3 
3 14 8 620 
11 
41 577 133 
134 15 231 3 7 73 6 13 43 9 
18 19 
4 58 17 8 30 82 16 10 36 2 2 577 11 8 9 416 8 138 8 620 25 6 
99 
7 74 1 7 53 577 8 39 27 416 138 8 620 19 17 
231 5 73 5 
6 
33 8 57 3 85 27 7 35 29 4 8 11 4 4 416 
7 
2 12 
32 21 148 4 
411 231 16 22 577 148 75 620 8 
2 2 1 4 12 4 3 1 91 8 2 22 3 4 416 11 
411 1 34 47 8 27 44 
6 82 85 30 37 56 54 
8 
58 189 88 138 620 34 10 
9 24 4 73 2 10 416 21 8 32 
9 25 24 
411 30 9 14 
11 23 19 4 61 
620 18 
20 28 15 85 6 25 7 620 
39 
15 8 2 
29 13 91 46 71 620 
21 8 
20 18 2 18 9 37 46 7 7 23 
9 9 
18 6 620 
26 
15 2 10 2 5 129 14 85 90 148 57 15 8 3 33 7 3 2 
22 4 
15 
7 10 71 
411 13 
13 2 2 90 6 11 4 4 25 416 11 5 21 133 1 4 17 
16 99 82 
134 3 11 3 5 75 73 13 577 57 8 21 24 30 
2 11 22 54 6 133 3 24 
6 
18 5 20 15 57 54 3 
411 19 24 5 
411 42 2 
19 
21 25 
8 20 1 620 
11 13 2 6 
8 411 3 5 29 6 18 47 16 7 
11 22 
11 128 577 3 6 
29 4 2 3 27 44 16 13 620 
3 231 12 577 13 71 39 3 620 
5 6 5 5 3 2 2 11 10 3 
9 11 620 
60 7 28 4 3 12 10 5 231 5 21 22 577 39 16 15 18 2 
10 
8 86 19 7 16 11 75 
14 15 10 
411 134 14 30 15 82 75 9 15 3 3 
9 10 6 1 
189 5 24 86 7 2 138 5 
8 5 
38 74 577 1 
38 20 36 6 51 75 24 4 7 577 14 416 13 65 
14 19 
19 23 3 8 231 99 21 6 35 91 40 13 2 620 5 4 25 6 
411 21 4 8 41 8 73 24 3 5 57 46 27 21 12 6 65 620 17 6 17 
4 411 189 57 4 2 128 577 9 2 12 416 3 29 620 8 
11 34 5 3 75 5 4 9 8 10 33 2 7 25 14 86 8 5 11 4 8 2 21 10 25 18 4 
55 411 231 1 9 16 6 8 42 
18 
6 
36 8 58 16 
4 13 27 
12 7 17 25 5 620 18 
13 15 12 3 13 22 17 6 3 3 
9 12 
15 14 10 65 
5 
9 2 41 6 15 5 11 1 620 3 
3 10 13 3 
5 2 6 55 8 5 8 15 3 
9 6 3 12 9 
411 2 6 11 8 21 3 577 2 5 
10 577 
19 82 14 3 
411 11 1 4 37 19 51 3 19 12 7 12 4 4 2 39 21 25 
134 41 20 82 75 14 36 
10 29 9 22 90 16 18 2 17 
82 
29 
17 18 53 28 4 3 2 10 2 1 5 17 
6 
620 
73 128 620 
18 
57 2 20 12 71 
3 9 5 
7 6 75 17 12 9 577 1 7 7 2 1 7 
6 
5 
4 36 14 7 3 3 53 577 4 7 20 21 6 57 3 416 7 620 
5 20 6 7 15 1 17 231 15 577 1 9 57 13 2 416 27 15 133 7 620 5 
55 20 24 30 14 18 
58 12 12 12 53 128 27 57 416 25 
1 15 1 7 8 3 
7 29 6 5 1 1 5 10 
36 36 74 9 231 15 7 14 129 55 28 577 16 9 416 12 88 43 6 620 5 10 2 61 11 3 
3 
18 12 
411 7 18 
60 53 22 13 7 55 4 577 17 13 6 9 5 4 5 4 12 
26 73 
10 17 15 6 7 9 5 148 22 86 11 3 15 22 620 
15 134 11 82 42 85 7 7 21 6 71 71 8 3 2 13 16 10 5 72 
16 6 20 3 10 46 3 3 9 
16 43 9 4 4 4 37 5 148 18 26 15 416 5 36 65 75 620 5 13 27 
13 
39 15 82 129 577 3 15 
20 
7 10 15 9 34 5 12 577 11 7 54 6 18 13 
129 19 46 20 10 
60 3 15 22 5 2 16 
25 1 
4 9 
134 7 55 12 3 7 620 34 11 
23 4 
19 620 
411 39 16 25 8 46 20 90 32 8 21 7 12 
11 23 
4 28 29 20 2 85 8 9 148 12 34 
17 
17 14 12 18 577 2 18 8 6 6 3 15 2 13 
39 36 55 577 10 5 
9 
4 39 47 21 4 148 17 29 43 3 28 9 
74 23 
5 33 5 21 
5 32 
65 
9 6 42 14 416 
36 189 8 1 20 
36 8 2 416 620 19 
71 1 2 27 
13 
4 11 43 55 27 4 53 4 21 620 9 
6 2 
7 7 
3 
23 2 6 10 27 13 7 46 7 8 43 2 8 15 2 
411 12 19 
1 4 
18 13 5 
5 
22 4 
9 23 577 15 22 3 8 7 10 5 88 14 
12 13 129 13 
13 577 4 13 10 4 620 4 
9 3 4 
34 17 231 38 3 6 28 11 26 6 14 90 30 416 5 34 13 
20 74 99 6 9 577 21 7 14 8 44 
9 577 
9 411 12 6 10 1 
7 
189 6 29 90 58 11 4 9 3 10 4 17 7 6 24 
1 6 29 90 58 16 5 7 
13 
1 
411 38 26 24 8 9 6 577 22 17 15 12 8 21 38 8 6 
7 13 27 
3 8 
13 27 
53 4 18 231 30 13 3 36 2 128 53 15 37 39 9 5 11 90 3 43 8 138 25 6 25 11 19 
71 
9 4 5 17 14 
38 16 7 11 28 10 3 5 17 11 19 231 7 4 7 2 24 2 53 577 11 14 25 71 5 7 16 4 6 2 5 5 21 2 36 13 3 6 11 13 19 6 22 11 12 22 9 
5 4 5 60 11 11 4 3 416 4 12 
416 
73 15 14 
5 3 
73 7 
134 16 189 37 14 8 5 27 6 8 11 
8 5 620 5 9 
3 8 6 16 27 128 4 3 34 
73 
7 
7 73 1 620 10 
5 
6 
9 12 577 19 90 2 416 1 
4 7 620 
2 
9 7 3 14 19 55 28 148 37 29 2 11 4 11 75 620 
22 5 3 12 
5 5 4 
2 
9 12 7 2 2 17 11 1 2 7 416 2 6 5 23 65 72 14 
4 4 6 
5 189 4 1 1 18 27 6 11 5 8 14 7 8 11 133 3 2 5 8 3 34 18 17 4 
411 4 4 12 47 18 4 128 1 7 138 
44 
12 25 9 18 2 
8 7 38 11 10 72 
5 
27 44 12 6 1 9 
17 
7 
13 43 
4 6 5 
134 19 85 4 4 416 6 620 
9 
25 19 3 8 
25 2 5 3 3 
134 4 3 12 75 4 4 3 577 148 2 5 13 10 44 
9 7 13 17 
3 189 5 15 85 4 4 15 10 40 4 2 33 4 18 2 5 8 7 61 
12 18 3 15 3 
91 
7 
3 
411 8 6 13 11 74 15 189 4 4 34 3 231 99 3 30 18 3 8 90 7 7 33 577 5 22 71 26 4 1 14 8 15 27 36 133 33 4 44 17 5 22 15 7 25 11 4 24 72 24 
8 36 24 15 3 74 43 7 33 37 7 231 18 5 9 577 2 71 14 3 19 138 30 61 11 2 
411 10 4 7 2 17 15 86 15 2 620 
36 20 17 10 9 7 7 416 88 65 
411 2 22 3 22 5 3 2 8 8 
189 
5 10 
14 75 577 3 39 
10 14 82 4 7 18 55 577 13 15 3 14 14 9 39 33 4 30 
9 11 6 
8 4 
7 577 16 2 10 
3 
3 411 24 28 10 577 57 
8 24 22 6 3 4 6 12 2 9 4 28 19 9 1 9 2 3 7 4 
2 51 3 
10 
28 3 30 3 5 22 577 9 86 7 416 27 4 18 43 33 3 620 11 44 
11 134 32 4 2 21 12 99 3 51 75 2 6 7 20 4 5 7 53 577 13 7 3 7 1 6 8 3 75 9 3 33 620 9 3 4 25 
22 19 
9 12 51 3 620 8 21 
25 1 17 12 
7 2 
620 13 
99 86 
9 13 17 231 4 20 8 6 577 5 14 416 1 4 4 30 5 3 3 4 23 
411 1 189 10 6 129 15 9 20 2 133 
4 
6 8 577 29 16 416 25 
620 
33 20 58 11 
58 34 19 10 3 
15 
411 34 18 20 
134 6 14 129 17 11 5 11 44 
99 10 
33 231 13 577 13 
411 42 21 
11 9 5 128 19 577 28 5 43 6 43 5 
8 577 6 
14 55 4 
8 26 
1 
19 
8 20 24 
6 5 
55 16 7 17 
2 10 12 6 2 3 60 33 8 23 
411 6 21 3 11 
8 
30 22 4 
7 
10 6 15 7 1 4 
6 
60 10 9 5 11 6 416 3 620 
17 5 15 13 577 7 416 620 
134 18 7 620 
18 577 
5 15 11 73 620 
129 6 
3 90 
39 4 8 231 4 10 2 3 620 
1 14 231 99 10 14 5 53 577 21 6 27 
12 231 148 3 75 
8 58 9 10 
2 21 
3 7 
2 85 7 25 37 3 2 5 9 620 
134 14 51 14 1 3 9 2 2 
8 
577 14 
1 
53 6 3 4 22 189 10 14 2 42 36 2 5 7 128 56 44 14 4 8 1 75 9 620 15 11 
5 4 7 8 37 2 6 16 
411 38 3 74 4 3 6 82 18 5 27 22 90 577 40 4 21 9 4 18 6 8 
3 42 13 39 
4 15 53 577 7 11 16 3 54 17 4 6 
16 43 11 3 4 21 18 9 14 5 577 12 3 138 1 5 27 13 
28 58 4 3 128 3 620 18 21 4 7 13 
4 5 1 10 42 
14 8 42 85 7 58 30 3 4 25 34 
42 7 9 65 
620 
231 99 9 7 6 9 
2 11 8 
29 
138 13 620 
3 9 73 
74 18 7 22 577 20 39 4 25 7 138 2 6 8 
55 19 10 73 25 11 12 
53 32 231 60 577 148 57 416 75 22 
9 4 12 24 
7 6 4 2 4 12 2 4 
134 16 4 55 3 1 23 3 4 20 27 6 15 26 8 22 3 4 620 12 27 24 
14 5 1 30 1 2 
7 16 
6 231 620 5 
8 82 6 9 23 620 9 
55 32 1 9 620 
231 6 9 6 620 9 
8 11 
34 18 5 25 
25 7 2 22 5 577 23 28 7 9 5 10 
7 1 9 12 99 7 60 4 38 44 8 90 416 15 133 
3 
11 4 7 30 
9 18 138 14 
5 6 3 231 577 12 21 18 5 
3 231 9 12 7 55 28 2 7 58 577 7 21 4 3 7 4 13 
16 4 3 58 
411 9 15 
3 138 
8 10 6 
51 4 3 27 620 
12 36 620 
14 
9 12 
2 26 7 3 1 8 416 75 8 12 
134 51 5 5 60 577 28 2 8 133 8 8 11 25 
15 43 6 17 
9 11 23 13 53 148 86 9 138 16 
11 3 7 4 8 11 10 
7 7 
32 25 10 8 
4 23 74 10 12 85 58 4 29 6 18 13 3 88 620 34 
14 7 2 11 2 9 6 13 11 9 7 6 25 
9 
21 
416 
7 8 1 18 29 10 416 
22 2 25 7 416 39 13 21 34 
411 21 14 46 
411 36 189 3 
2 22 
13 11 
3 13 1 3 
12 133 6 
30 6 
12 6 11 
14 9 4 
2 23 9 128 577 
8 13 
411 8 231 3 577 39 26 620 15 
2 
12 3 17 11 14 2 5 
620 
36 18 20 75 10 7 7 39 26 19 
4 4 231 12 7 23 25 15 13 1 6 26 88 
189 133 11 
22 12 
8 21 9 14 22 23 19 4 
5 
3 10 7 13 
9 
411 20 416 
5 4 3 7 44 
1 
1 
13 
4 14 22 
55 411 8 
2 10 15 4 6 5 7 5 27 53 4 5 577 39 11 12 16 2 9 13 5 5 23 
9 4 416 
134 3 2 3 1 577 21 11 27 138 620 
53 20 58 2 82 7 17 9 4 58 577 148 22 57 13 416 11 16 19 9 44 5 24 
13 34 40 6 4 
10 3 5 3 65 72 8 
3 7 8 6 
75 
3 9 22 18 12 1 90 3 577 8 3 10 19 18 133 8 620 11 
3 
8 231 3 38 5 21 27 18 577 11 57 
16 23 
55 17 
4 11 
1 189 17 5 75 34 21 5 6 5 7 25 3 13 26 46 57 86 4 416 28 6 9 75 22 7 22 
411 73 2 30 19 18 2 53 10 3 11 7 2 27 
11 21 416 7 
3 620 
3 5 24 20 7 3 13 4 620 
21 11 8 53 71 138 
6 43 42 15 82 27 73 9 30 3 90 577 1 91 12 3 416 
3 
1 4 20 
129 
411 3 12 4 30 12 7 18 30 12 7 3 12 3 13 19 16 
26 
14 
13 
411 19 56 21 30 34 2 
11 75 28 21 
21 18 
8 18 
22 28 20 8 21 
17 91 21 
90 
6 
411 22 12 5 7 8 5 85 6 2 53 8 12 7 2 8 11 8 3 8 44 34 25 65 72 
8 10 
15 18 6 3 4 5 416 7 14 
55 22 29 8 57 42 138 620 10 9 1 11 3 
4 4 21 
55 29 13 57 39 42 620 10 1 
2 3 
134 4 
129 
27 4 28 3 13 30 2 3 65 35 3 
11 24 5 18 
231 128 577 39 416 9 
4 
416 
411 13 9 75 17 65 
16 411 13 7 20 5 3 11 189 12 1 33 10 12 231 22 4 23 55 53 12 8 5 6 33 15 10 2 21 13 38 620 3 4 2 
5 27 
20 53 86 10 
5 20 416 43 8 
134 37 12 8 4 27 
416 7 
10 6 11 26 8 22 
3 3 
11 4 35 148 6 
1 5 85 27 7 11 11 65 42 9 30 10 4 8 
36 4 5 
620 
5 
128 1 20 
9 3 
5 10 9 
53 25 51 11 13 56 12 86 33 12 36 11 4 13 
21 620 
15 6 9 3 577 6 6 1 9 
3 53 5 99 51 6 6 15 58 53 21 8 4 5 2 19 12 7 
189 231 47 9 620 
2 2 5 577 13 
8 73 416 7 14 6 6 
3 5 
10 
8 12 5 3 90 
2 3 3 3 51 2 13 75 13 4 15 128 577 13 3 9 1 2 36 1 
8 2 17 3 14 416 14 
6 
411 20 7 
4 51 7 6 9 14 
411 9 
411 30 10 
134 13 14 4 73 577 16 25 26 9 75 620 
55 6 5 5 10 6 14 
16 134 20 3 28 1 1 13 4 3 57 11 4 42 4 44 3 1 23 44 6 
8 5 8 
36 6 8 9 25 13 4 57 9 88 7 620 17 
7 7 18 15 13 620 
1 12 23 3 13 9 18 8 
74 5 128 4 
8 42 128 4 57 32 6 33 2 4 2 4 
4 3 1 22 14 13 1 71 8 12 2 8 72 
134 9 10 51 4 577 21 21 13 7 2 19 2 6 
411 5 15 15 26 34 3 10 51 8 16 12 3 7 18 4 65 9 35 3 75 8 23 
2 15 
5 15 10 4 577 14 
4 3 134 9 15 21 12 3 42 22 15 12 13 5 5 4 11 4 3 34 25 4 14 
1 
5 12 18 12 3 24 3 3 26 
7 2 28 3 16 46 5 3 
129 
6 11 9 
55 58 13 9 
23 22 11 6 11 75 27 1 4 12 30 22 577 3 11 7 7 7 9 4 44 2 9 9 6 
620 
99 85 3 40 5 
4 1 
3 10 5 27 2 18 
73 2 5 
9 411 2 4 1 60 53 
18 5 4 12 6 
3 9 6 
13 11 3 18 3 30 17 3 90 10 58 9 11 58 577 2 8 54 2 12 7 8 620 7 2 4 2 
411 6 
13 
3 25 6 10 18 
16 5 13 2 
134 10 6 189 12 13 37 2 58 577 7 11 13 5 61 
2 
7 33 30 8 26 4 7 3 577 4 15 416 1 4 138 18 5 5 2 
20 8 7 
14 
14 2 189 10 231 1 5 5 38 2 85 10 5 2 7 5 3 6 9 1 6 10 416 11 3 12 5 620 7 4 4 6 11 
5 11 5 29 148 3 9 6 2 75 
128 4 5 
12 21 138 
74 11 2 11 51 21 1 9 58 128 577 14 620 61 
134 12 5 
2 
411 1 21 30 6 7 8 37 7 17 26 133 1 25 7 
8 3 
51 
4 189 6 1 8 620 5 
18 
411 3 
14 
13 33 3 10 
7 3 9 
17 3 
17 
82 15 4 17 
5 12 
1 6 7 
53 6 
8 2 10 4 5 6 231 14 4 21 13 30 4 6 22 1 5 30 577 29 5 56 7 5 8 88 24 4 6 
134 28 231 7 5 15 148 39 6 10 133 620 
3 85 2 7 18 
19 189 7 148 13 416 
22 13 21 
10 5 6 9 
411 25 
21 15 
134 6 1 2 17 1 
411 5 189 29 11 51 20 5 42 129 12 58 577 21 20 27 6 3 138 75 3 4 
4 411 1 6 21 10 12 6 60 27 6 11 9 8 6 28 65 42 2 4 2 22 
3 8 
9 
4 6 12 620 
4 29 6 47 18 8 21 20 8 4 12 3 6 
3 5 2 4 18 10 
189 9 5 20 21 416 10 620 
5 23 6 99 416 8 
5 129 5 4 
577 2 9 
3 10 12 4 2 577 1 2 1 620 12 
5 
24 9 8 12 
2 8 577 7 12 
14 
411 8 1 34 3 3 1 57 25 9 8 5 5 17 5 
11 4 7 1 15 
60 10 
39 
2 
14 30 
7 3 37 10 13 8 2 577 8 71 1 46 2 7 3 8 4 1 11 7 
24 
38 5 6 20 27 6 1 
231 85 7 55 
6 5 28 3 35 
18 19 6 
58 54 
42 4 
6 231 11 15 577 43 620 13 
5 
12 16 21 3 40 7 18 6 34 3 16 
55 33 13 58 3 1 6 14 12 23 90 9 128 9 7 36 133 61 
134 2 8 18 34 2 4 1 2 4 416 22 620 
7 2 231 99 9 5 6 85 3 1 14 11 10 19 
13 
24 19 12 27 
57 416 
10 
9 14 11 2 7 2 2 16 3 3 4 
10 5 7 231 5 10 5 6 85 15 9 7 148 15 11 9 7 88 7 12 10 4 3 
73 27 
2 
231 24 26 6 6 
9 
411 10 
411 134 9 2 21 8 577 71 57 11 30 17 72 
11 
411 5 
7 75 4 129 27 7 
9 
411 6 7 10 
23 3 6 7 5 10 577 22 25 19 22 43 9 620 22 
4 15 37 6 26 33 65 
3 
5 25 38 8 20 7 9 
10 
6 30 7 10 9 18 
4 18 2 18 2 4 6 47 26 12 15 10 21 6 5 
6 
90 25 
36 73 90 4 3 
8 7 577 4 9 
411 20 27 
4 21 231 14 6 577 1 8 5 22 10 
32 231 17 
20 4 2 90 3 13 
19 12 3 73 18 15 25 6 54 5 
7 47 620 
11 620 
11 620 61 
9 
129 14 
2 99 10 18 577 5 
4 3 10 18 21 10 620 7 
10 4 620 
11 12 2 10 620 
3 29 
30 416 
24 22 2 3 3 22 5 5 12 24 577 7 8 416 3 10 5 7 6 30 
60 134 38 53 10 6 2 2 5 85 5 14 13 3 2 9 3 13 620 23 
3 6 10 13 6 14 577 56 86 6 32 6 43 10 4 7 7 
13 7 9 4 
42 129 35 
29 
4 15 5 2 8 16 74 8 2 577 148 53 37 4 33 416 17 22 14 
3 2 
7 
6 9 
7 36 6 8 20 15 55 12 2 9 55 4 138 5 17 7 27 
6 2 22 189 4 16 4 15 13 9 3 8 620 8 3 22 65 
53 4 
38 8 15 4 9 37 4 5 11 4 11 57 4 416 39 21 5 2 3 11 
12 
39 2 
11 57 
411 2 11 231 91 9 9 
2 411 231 24 47 8 7 58 91 10 5 416 13 7 9 15 
411 189 8 22 29 5 13 
411 8 18 
10 8 189 10 12 35 148 37 29 29 2 15 416 21 6 4 25 8 
411 5 2 4 7 26 
411 15 1 
4 5 37 
11 57 
18 7 
9 
58 43 73 
37 
411 5 47 5 8 12 23 58 3 17 4 9 3 26 27 6 2 15 88 4 8 
37 
99 9 18 26 4 
22 
5 
8 3 12 1 65 
411 9 18 
2 
411 5 4 8 3 4 6 577 148 9 7 75 620 
47 25 
20 4 28 27 2 3 1 13 148 8 16 75 620 13 
9 20 11 9 7 22 33 416 19 
20 6 4 13 17 6 21 57 416 2 3 7 
5 18 3 3 
6 
8 4 
71 1 
23 231 17 21 
73 
6 14 5 15 620 3 
6 5 13 
3 620 
7 231 39 1 12 
90 46 2 
411 9 2 3 7 55 6 40 
33 1 8 22 12 8 9 4 90 54 9 88 12 
4 
128 577 416 
5 5 15 128 29 2 
9 1 
18 8 1 15 
2 7 
1 18 620 9 
21 9 4 11 
34 9 2 
9 
9 
29 
9 14 18 5 12 9 32 15 620 
411 9 14 11 4 18 14 12 3 58 577 16 7 19 23 26 38 16 2 25 4 9 33 1 7 88 5 620 5 
33 90 72 
3 13 
620 
189 
5 7 23 6 
1 58 9 8 
411 16 15 13 11 577 46 3 18 7 
411 46 
3 16 10 
5 22 7 
14 11 8 23 35 46 15 
22 16 
99 53 577 5 27 3 19 138 8 30 
8 53 577 13 416 620 13 
11 
15 11 7 6 577 22 9 4 9 
18 
3 2 3 4 
22 15 
1 19 11 12 416 27 21 3 65 72 2 
10 9 3 3 5 16 18 17 129 8 5 16 3 57 3 11 4 
9 19 3 7 12 5 4 129 29 10 38 18 44 8 5 15 8 72 
231 577 20 4 27 3 15 
411 21 15 21 30 577 57 39 15 21 30 
36 74 18 90 20 15 11 620 3 11 
36 3 8 189 6 577 86 620 
7 5 3 
8 18 21 8 17 
411 43 22 12 8 9 10 8 3 10 6 5 13 25 
6 
3 4 57 25 
3 10 91 416 10 7 8 4 
14 
38 26 65 
15 4 5 17 5 
18 30 
416 
38 43 36 12 90 577 416 17 11 4 25 11 30 
411 43 8 19 4 3 46 
411 10 5 231 3 577 148 3 2 
2 9 11 11 18 12 8 1 23 577 12 6 38 18 30 
5 
30 
39 24 7 6 4 12 8 28 71 6 6 11 133 20 6 7 61 25 24 
91 416 38 620 
15 7 57 12 15 
8 
38 12 19 90 8 577 30 
3 
411 577 15 23 
15 
58 1 416 620 
620 
51 8 24 44 29 13 
21 
13 
8 4 416 
128 39 33 
128 
6 19 10 
3 6 2 4 9 
21 416 
231 30 
9 9 
23 4 3 10 620 
4 22 
3 14 8 4 3 7 16 42 3 7 21 18 577 53 1 4 33 3 416 4 16 3 3 75 620 4 5 
8 15 47 
3 231 
4 74 7 2 5 5 138 620 
411 23 19 129 
9 6 65 7 
2 34 
1 
25 6 24 
1 2 
14 7 38 2 21 26 
10 6 29 4 3 15 
411 129 
128 
9 3 33 21 9 
8 8 
411 23 1 7 
11 18 36 2 11 128 577 20 
10 
129 
620 
6 7 14 91 9 30 4 
8 6 620 22 22 65 
6 
2 3 2 9 27 416 43 6 7 620 2 
4 75 14 28 57 86 21 
411 
411 38 14 13 15 
51 13 4 3 
11 7 10 5 1 133 
34 
9 10 5 3 30 3 18 5 27 18 71 3 5 4 7 
14 
7 1 3 15 3 12 4 11 4 22 8 11 15 43 1 12 11 
18 5 7 6 90 
8 1 189 3 20 138 620 8 
5 3 9 4 12 1 620 1 
2 2 
411 32 189 33 8 129 85 148 37 56 7 39 16 620 9 
15 12 47 
16 3 33 14 5 
3 134 25 1 30 3 128 577 2 12 4 14 15 12 10 5 
14 
8 9 3 11 4 4 6 7 231 6 33 577 37 9 416 19 9 6 75 5 2 
411 11 12 1 4 3 577 18 620 
9 43 18 3 24 13 6 16 72 
14 416 620 
17 
15 11 
10 8 
411 27 34 12 29 7 2 28 6 
134 18 9 10 128 40 26 416 21 8 
4 90 
82 
90 620 
411 19 11 57 10 148 
2 9 42 
7 19 12 4 11 19 18 34 15 6 2 148 17 13 13 33 38 13 
13 577 13 
4 128 86 4 32 88 620 11 
23 
4 7 17 
17 620 
6 14 8 3 4 3 620 3 
82 6 148 29 5 6 5 
14 40 90 21 11 7 17 6 
231 90 
13 19 15 74 10 12 15 9 28 4 20 577 14 26 14 7 6 11 21 36 133 620 9 61 
8 10 17 4 22 6 577 47 25 416 10 6 
5 11 5 
29 4 20 7 5 9 21 416 26 18 2 44 8 
231 11 6 
55 8 90 26 620 
5 8 620 
6 9 12 3 2 5 6 3 
5 
411 17 11 20 6 13 27 620 3 2 
6 
5 14 
8 7 73 4 1 16 14 71 16 8 75 25 44 
5 9 
1 577 1 1 
7 21 6 13 36 620 2 4 
411 15 18 26 138 620 
3 
134 189 577 416 7 3 
19 19 3 
22 4 13 18 11 7 577 23 416 36 8 1 33 9 5 6 
90 
6 577 11 15 65 
411 4 3 9 21 5 30 577 3 56 8 30 29 28 
15 
134 231 99 30 
1 21 3 57 7 
8 25 47 
39 21 25 2 3 231 2 8 2 6 38 55 8 3 90 5 60 3 577 7 38 26 9 30 7 2 4 620 61 
9 3 60 148 22 19 
14 13 6 20 10 
55 
411 189 18 41 99 5 58 30 27 7 90 13 88 138 8 34 5 
21 
15 71 2 10 
28 
5 6 75 54 15 9 
2 129 7 53 148 6 5 65 
28 24 
6 2 34 2 3 5 
13 12 5 3 9 5 21 8 90 5 55 60 6 1 37 53 3 91 3 9 2 6 18 16 8 1 34 10 4 23 4 12 
8 
4 55 6 41 51 2 4 75 17 24 577 11 416 35 4 9 4 6 
23 8 2 4 3 4 231 51 2 3 9 17 33 8 15 8 133 7 22 3 72 
21 
8 25 3 
3 
4 8 14 
12 17 2 17 
17 2 
18 21 2 17 
65 72 
60 13 4 74 58 22 12 11 30 51 18 55 3 128 33 20 39 11 25 6 8 6 620 8 11 18 
21 43 
13 620 
7 4 38 10 6 3 21 8 
6 23 15 10 12 
9 
41 16 2 138 
99 8 5 577 
20 43 6 13 53 37 1 21 
8 4 4 12 72 
2 10 10 
11 231 6 620 
8 1 72 
20 12 
9 19 24 4 3 
1 15 11 2 10 8 5 5 16 4 128 16 88 2 2 5 620 8 25 
411 3 4 4 27 55 9 60 30 38 3 416 
7 6 1 27 
134 38 19 16 73 5 5 5 12 39 3 4 3 138 620 
8 12 25 13 28 4 2 30 15 7 577 5 15 12 2 10 4 24 
4 6 73 128 4 5 
29 2 7 13 7 11 2 15 13 6 416 24 
411 
60 33 6 620 16 
36 6 25 11 
2 37 1 7 
55 4 
9 
6 14 3 22 40 9 620 
7 620 16 
39 411 9 47 4 22 2 9 37 15 6 5 
411 42 29 18 4 3 26 7 20 4 4 7 
13 
2 
60 16 33 15 17 18 15 577 29 57 8 6 16 88 8 
30 416 
134 577 
23 14 37 231 9 8 53 577 8 4 10 4 416 18 620 1 5 
5 
14 620 
43 3 7 5 8 13 90 11 128 33 12 4 1 138 22 7 17 
134 25 55 5 27 620 2 2 16 5 
12 
28 27 34 40 29 7 620 
18 
37 
13 6 
411 22 9 37 18 24 10 6 11 32 
4 
18 24 148 11 32 11 
577 12 
8 
13 577 
10 18 15 10 6 
15 58 8 1 5 20 148 8 416 4 1 23 
18 5 11 32 
2 18 46 
12 
6 189 14 85 26 5 60 148 29 7 416 16 1 15 
620 
3 3 
5 1 7 3 5 3 57 11 3 5 16 4 
2 18 6 577 13 44 416 3 133 21 620 25 7 
8 60 1 8 1 13 9 8 148 32 9 416 4 12 8 43 138 620 6 6 
129 6 16 21 2 3 57 416 2 5 3 11 
9 231 4 73 129 577 53 57 3 56 90 10 10 8 5 
4 9 25 2 18 
19 3 620 
577 138 620 
14 34 35 6 16 7 
577 
47 138 
2 38 46 
41 10 6 73 8 55 6 16 6 15 25 6 9 
5 11 12 16 
55 6 29 8 577 148 7 57 6 11 3 65 72 30 24 
2 6 75 14 38 577 40 7 
60 16 6 7 3 5 3 11 5 17 4 51 15 9 5 1 14 4 6 73 18 3 8 3 13 6 58 55 3 17 577 29 3 33 8 4 6 2 3 1 7 11 9 8 2 10 416 11 9 8 133 2 138 2 7 11 3 24 27 8 9 
27 9 
53 10 39 22 30 416 11 
411 7 8 5 19 577 148 34 34 
411 23 3 9 73 5 577 36 620 34 
5 13 
3 9 129 6 9 4 5 2 148 1 8 25 8 4 14 14 8 620 6 
5 10 
8 6 15 71 
4 71 416 
5 7 3 22 10 3 10 416 5 
5 
5 
2 74 99 24 7 85 10 5 56 21 7 35 
13 
4 13 32 1 10 5 6 2 18 34 231 2 51 13 37 6 4 6 2 6 9 148 46 2 2 33 4 1 3 4 28 6 2 5 7 24 8 5 15 5 3 
2 12 3 10 34 7 13 
37 23 
13 28 5 2 4 5 5 2 53 5 148 56 46 416 7 6 4 3 3 
13 15 25 
20 3 3 2 18 88 
10 42 9 8 5 3 20 9 577 1 4 416 9 88 7 33 138 6 33 620 12 
148 11 
15 
5 
411 71 
58 10 18 620 
411 42 129 
74 27 
24 8 32 11 
9 5 
73 25 36 75 18 
74 7 90 577 39 4 
25 5 6 12 10 16 73 21 128 20 9 10 6 12 14 133 20 33 12 3 65 72 
411 
3 620 7 
2 134 17 4 7 7 5 53 577 21 47 5 1 3 2 12 620 30 34 4 
9 1 3 577 6 
134 16 10 58 9 15 38 11 12 4 2 148 26 416 39 620 7 
10 
1 9 416 
14 12 26 7 24 2 
55 25 416 39 16 36 
39 
5 134 24 6 15 189 17 23 577 53 25 57 416 11 13 42 620 3 17 6 
17 
4 416 
9 411 134 82 5 53 7 3 8 
4 4 13 27 7 5 6 9 4 9 10 22 71 30 10 5 9 12 12 9 
411 25 11 71 57 
10 17 416 7 
3 3 4 90 
30 2 231 99 2 51 24 16 16 12 39 71 6 15 3 11 16 2 13 620 30 44 25 5 5 6 13 
14 14 34 3 6 11 9 37 25 2 10 5 32 620 17 
6 
411 21 15 11 42 7 3 34 13 21 57 6 11 7 24 72 
14 5 17 13 
53 19 8 53 5 4 9 4 25 65 
9 
5 16 19 8 
14 416 8 
134 4 3 189 18 231 30 18 7 3 85 5 10 128 148 22 21 11 4 416 13 8 22 133 21 138 2 10 620 11 5 7 44 9 
34 
416 2 620 5 7 
8 34 51 
411 8 34 35 29 620 7 
42 7 9 20 
1 72 
13 
9 74 189 231 14 3 11 57 7 22 
13 90 5 34 61 8 
5 620 7 72 
39 189 30 82 16 55 24 15 8 9 7 22 72 5 3 
5 577 44 
5 5 
58 5 23 
58 5 21 
14 9 3 
46 18 
2 29 133 29 
3 43 73 4 4 23 
74 85 13 9 12 3 5 138 
129 
16 4 15 37 3 9 10 5 5 22 
5 3 5 1 5 12 8 
10 21 1 
15 620 8 
7 
189 416 11 
14 
4 51 11 91 10 11 54 43 34 24 
3 5 12 231 9 37 5 55 128 577 46 12 43 138 12 18 65 8 72 
6 1 5 15 2 91 6 416 19 42 
2 15 6 13 33 3 6 
17 620 
4 411 38 57 231 8 577 25 
1 5 2 10 7 1 39 3 133 620 
416 
411 
6 7 28 9 23 22 577 8 9 7 7 
5 58 4 3 22 9 10 3 577 91 22 6 6 6 
2 58 
8 
13 61 
411 11 21 4 1 8 
29 15 6 6 128 11 2 
6 13 23 6 128 577 53 3 7 36 2 14 23 
5 
129 55 22 2 
2 14 20 73 577 
15 4 
15 
99 7 3 13 71 416 11 5 9 17 3 9 5 
38 74 
9 21 3 20 8 4 88 
10 11 3 620 11 
73 
3 
5 
18 9 27 
411 4 5 2 15 5 20 47 24 14 2 11 8 17 
7 2 36 9 47 3 2 5 7 18 12 5 5 7 33 11 7 11 5 88 9 33 138 25 13 
16 58 57 
3 6 3 99 51 9 22 75 8 12 5 85 7 6 11 416 5 7 75 4 30 5 11 
411 11 10 15 
129 20 8 2 
73 9 20 21 
148 
13 577 39 620 
26 10 
58 22 5 2 27 3 5 11 10 
3 
8 9 60 17 99 9 6 4 34 4 9 53 11 2 6 71 9 25 12 4 5 
55 411 8 14 14 18 11 2 4 7 2 16 8 6 1 5 2 
10 
4 6 416 
2 3 17 
20 36 4 18 5 53 7 2 12 
411 28 47 13 128 39 19 
14 17 12 
17 
7 134 10 7 11 2 82 128 57 18 11 14 3 43 2 138 2 1 620 17 14 10 12 2 3 5 
18 2 
21 231 20 4 73 129 9 22 6 9 3 10 10 6 3 9 11 15 133 21 75 2 620 4 16 
5 22 71 28 9 61 
1 12 21 4 13 18 16 8 26 5 14 
416 8 
55 38 12 5 15 21 12 75 3 5 90 577 3 6 8 620 4 7 1 
411 10 2 10 231 6 11 42 1 55 58 577 11 56 90 5 3 
11 19 
9 416 5 
15 16 620 
134 2 33 57 6 5 7 
4 9 38 6 33 6 5 21 61 
6 10 8 2 128 2 54 416 6 21 620 6 5 
4 4 3 7 2 12 4 12 6 7 1 43 8 1 8 17 
3 25 416 8 11 21 7 
3 7 2 3 12 10 5 8 33 
39 21 10 231 37 2 2 9 2 577 29 5 2 3 6 
3 8 8 35 620 
3 12 4 
20 37 231 58 577 3 5 
23 13 7 
411 29 47 
12 577 13 
5 8 2 
3 7 2 9 13 1 85 3 34 5 6 53 4 7 4 7 3 5 86 8 4 2 2 5 8 9 620 11 7 3 
3 
18 6 8 3 27 8 8 
22 4 3 
13 13 
411 6 
8 13 
10 43 82 37 17 7 90 2 9 5 148 17 7 11 2 11 61 
71 416 24 
4 5 18 4 11 4 231 99 15 10 42 22 12 10 16 7 4 20 1 35 11 577 148 53 14 7 416 27 15 6 1 11 3 3 8 4 61 5 65 72 
411 134 4 129 7 4 11 21 138 
8 4 
6 9 16 11 2 22 26 7 8 
10 416 
3 
23 
5 99 14 1 9 28 35 17 3 2 4 30 
16 
21 138 
6 
65 
411 14 6 11 21 13 
9 60 6 17 5 12 21 620 9 14 44 
7 
41 71 5 6 
10 11 75 7 17 12 1 4 
129 
1 14 7 34 5 16 13 57 8 22 46 6 4 9 4 
2 
411 10 4 73 23 17 6 7 2 10 17 16 18 6 3 21 5 25 6 
231 11 
10 7 4 12 
11 620 
2 4 15 25 14 2 
34 
9 58 11 231 55 4 19 128 577 57 8 133 27 
129 46 
8 
4 11 15 5 3 4 3 17 26 7 38 1 3 13 
22 
6 99 
5 5 46 7 
10 
5 8 10 11 26 58 29 17 133 20 35 
2 17 35 577 37 22 1 620 10 6 
34 51 85 14 14 5 10 5 
411 39 42 85 71 2 7 30 13 10 
3 22 4 
82 5 7 148 
85 
411 7 13 19 
39 29 11 9 57 38 
411 1 6 1 46 47 4 5 
11 189 51 42 7 26 3 33 5 133 14 11 15 
21 189 20 17 9 
411 60 134 18 42 231 73 9 6 27 2 8 12 8 
10 12 12 
3 
9 
33 4 27 17 4 7 
8 134 6 58 6 16 8 86 32 620 4 
7 8 14 22 2 37 57 26 416 8 29 4 
51 
27 
60 2 231 2 1 53 15 577 4 4 7 133 620 6 3 2 
411 53 57 9 620 6 25 
411 29 90 577 4 23 30 10 15 61 9 
6 6 11 4 5 4 148 7 12 11 12 7 22 4 4 24 
13 7 8 13 60 38 3 13 
25 
4 8 3 4 416 1 4 1 
9 2 
8 
2 3 
9 10 5 129 5 11 7 620 34 4 
32 231 71 25 54 416 2 
9 9 42 6 12 26 21 24 6 5 11 47 43 6 1 5 13 22 44 
5 
33 7 620 7 4 
21 30 
8 13 11 6 26 1 128 33 3 1 416 15 88 620 61 17 5 5 12 
3 12 20 15 577 11 14 4 15 6 138 620 10 
4 
189 12 231 9 27 58 148 91 12 11 9 620 34 
12 90 54 7 4 21 6 
34 51 30 4 20 21 27 3 620 8 
36 9 
5 
3 620 22 
231 7 5 39 22 
8 416 6 
11 
47 
33 231 55 34 73 23 53 58 2 24 11 7 88 33 19 
7 8 13 34 
6 
3 47 
5 8 22 5 8 8 25 17 4 416 7 42 17 6 2 8 4 
16 55 4 5 2 73 3 28 25 32 26 2 32 36 10 9 
1 3 14 7 
189 15 10 5 37 57 16 1 7 8 2 3 
4 15 231 8 11 3 23 4 12 55 577 7 7 5 416 3 5 
46 8 3 5 4 
416 
4 15 577 47 9 
411 12 57 620 
4 6 5 42 5 16 8 5 3 9 4 27 18 1 4 33 11 6 
411 28 47 58 577 53 416 42 
4 3 
13 5 60 231 4 8 14 10 138 3 
148 
134 74 39 6 16 6 30 75 6 18 4 7 21 13 11 577 17 9 4 4 10 17 26 7 61 
16 189 231 42 11 55 18 5 53 35 577 148 53 46 3 57 7 86 90 416 43 10 75 7 9 14 1 
411 4 2 15 24 148 91 21 
3 4 9 
23 43 189 5 231 9 7 577 7 13 8 13 
43 
9 7 3 6 26 6 10 75 37 2 3 7 24 9 128 8 13 1 11 6 7 416 3 2 3 9 7 65 72 4 30 
7 5 9 9 25 
6 14 231 19 34 11 3 6 4 9 6 11 
43 33 15 90 3 27 148 29 88 29 6 5 65 
6 
411 53 
411 9 148 
411 9 189 37 60 17 577 26 4 4 32 21 61 
74 19 17 577 8 4 6 2 29 
13 5 8 
11 14 
32 39 189 6 37 12 13 8 90 21 9 21 37 26 15 88 75 620 22 5 
11 
5 17 3 6 620 13 
6 57 73 6 620 4 
411 231 99 11 28 73 22 620 
3 
411 17 
4 20 21 39 51 15 18 34 18 37 13 5 7 42 133 5 33 1 7 44 34 
11 73 
21 23 
189 
7 
4 22 4 4 128 577 6 88 133 9 138 
4 12 
1 7 12 25 18 
21 65 8 
74 73 620 19 
4 17 6 30 82 577 33 90 416 11 1 2 1 4 18 4 
8 6 8 6 19 3 4 3 4 4 577 148 1 133 1 620 44 
10 4 8 
5 
47 
13 14 41 38 9 35 15 26 47 17 90 26 3 13 
11 5 6 577 9 33 15 
4 
22 189 11 14 3 3 9 2 9 5 60 577 12 5 7 2 4 46 39 38 16 14 14 13 416 10 4 19 13 5 7 10 620 10 10 65 72 6 
17 6 13 189 14 75 21 23 8 29 17 4 8 21 133 13 16 9 
36 3 14 38 4 61 22 
5 
411 13 18 1 10 23 21 7 2 7 65 
17 2 11 2 9 25 15 7 44 34 72 
16 8 577 4 138 620 5 2 
411 20 4 16 55 6 577 12 75 24 13 
18 9 4 
99 91 21 416 
16 3 4 
4 16 16 5 14 
6 
2 4 60 10 38 21 2 4 17 32 11 9 15 11 2 30 3 3 7 
43 42 73 3 2 3 44 1 33 3 
8 14 4 4 15 16 7 3 2 7 65 11 65 9 
7 99 2 148 13 10 620 
411 15 1 15 17 231 577 2 6 
411 3 2 21 10 
7 
54 
74 15 16 577 88 
21 
2 
20 13 
13 
3 30 
2 18 27 12 3 
4 
20 9 
9 12 82 577 16 416 65 8 
71 5 
3 4 9 
4 
21 12 577 13 10 
4 
19 6 416 
3 411 8 20 13 74 4 57 2 99 10 6 5 23 4 6 6 73 34 7 20 9 577 91 1 21 33 19 8 1 15 23 
30 4 
2 
8 
23 57 3 18 27 17 129 27 23 12 6 2 15 3 
9 
231 577 133 620 
134 189 7 12 416 2 620 
5 3 10 
9 12 3 19 9 4 3 18 30 19 577 416 38 6 19 
20 189 4 3 1 14 57 32 4 3 138 6 
22 6 20 46 416 
411 7 231 90 577 18 57 15 
6 75 
18 6 
411 10 13 
17 129 13 
14 12 
13 8 
2 5 5 
8 3 22 2 
411 2 620 7 8 2 
29 3 4 9 
16 14 189 19 57 47 23 34 9 35 148 7 29 22 10 21 3 15 6 
3 6 231 3 3 10 7 
55 10 16 2 2 
2 8 128 3 138 
22 
4 3 71 416 29 34 7 8 
15 
134 231 42 34 12 15 5 18 27 8 
17 57 3 8 416 16 5 620 
8 
8 620 
8 38 5 9 29 47 416 4 38 
411 11 82 6 55 128 4 133 5 5 2 22 6 
9 
4 620 19 
8 
7 5 
9 2 5 
411 11 9 26 37 3 5 9 33 7 
13 7 33 32 133 11 12 
16 57 72 27 
10 
1 11 11 13 5 577 148 21 46 26 30 17 7 5 2 27 
5 13 4 138 
5 6 5 65 
15 148 620 17 
11 
14 15 
3 
1 5 7 5 8 15 
11 13 
7 57 416 
20 74 6 42 13 25 620 
5 19 12 2 5 8 
14 46 11 3 4 
16 7 
26 16 7 
14 33 2 16 7 21 620 
36 231 12 13 620 
36 30 82 55 53 55 53 7 27 13 416 620 11 
134 8 11 8 21 60 1 37 38 4 13 4 8 5 17 
15 
35 
8 85 
4 15 58 2 5 5 4 27 
8 10 4 7 15 4 
6 4 620 
20 33 189 231 129 8 577 148 13 16 6 42 
5 10 9 14 10 8 22 138 
13 9 6 13 85 58 13 25 9 5 43 19 133 620 3 22 8 3 
411 58 12 577 620 19 
4 5 13 
9 7 21 3 2 57 3 27 8 
55 20 7 13 
5 23 
8 29 91 
10 
8 3 
5 
8 4 
10 24 6 24 7 13 
134 58 7 577 8 
4 4 13 23 18 4 4 2 53 28 577 22 16 24 
1 4 13 23 3 23 19 88 138 
14 8 12 43 2 
411 4 4 42 30 1 18 3 53 577 12 7 14 3 13 5 8 24 
75 133 12 
19 7 231 3 10 13 91 5 7 7 5 61 44 
2 
3 231 8 53 577 7 56 416 7 620 12 
23 10 3 18 22 4 2 6 416 19 4 10 65 75 13 30 
39 13 4 1 22 34 8 577 21 5 2 22 
13 411 43 17 7 17 19 
15 8 7 3 5 6 38 
11 2 577 19 
411 134 36 8 9 4 8 4 1 577 3 25 3 3 65 24 
11 1 5 46 30 9 
10 58 18 57 12 
4 19 42 129 3 43 3 
14 7 
411 53 21 189 13 2 56 10 15 88 11 15 
15 7 22 5 
20 33 13 5 90 21 5 8 15 32 16 
4 
8 20 73 3 30 56 620 
12 9 7 9 
99 11 
129 4 12 620 
7 21 6 8 
39 42 416 20 
22 
12 47 16 30 577 4 6 6 7 23 
39 53 
3 3 4 
9 
8 
11 18 8 7 
1 11 
5 22 7 30 5 5 8 40 39 13 35 4 
25 
411 19 
55 5 
55 5 41 23 
39 47 23 148 86 22 
22 
9 55 11 75 3 
9 11 71 
20 
12 
134 2 2 29 3 12 3 22 85 90 4 15 7 10 88 2 25 8 11 
39 3 6 3 75 5 9 
8 8 25 24 
134 231 16 2 20 5 577 25 8 4 11 10 43 19 7 2 75 3 2 17 24 
411 60 22 6 3 
18 231 82 13 6 34 4 7 577 91 15 11 38 1 25 11 22 8 6 43 75 
10 37 231 9 82 6 14 21 53 6 28 577 47 57 6 10 18 
577 14 13 30 2 22 9 4 
411 13 42 90 25 71 25 57 43 138 10 5 5 
2 3 11 10 
23 3 
6 134 37 231 4 9 12 5 3 21 61 
3 25 37 5 18 
3 
53 
13 129 
82 2 12 57 6 24 16 
5 8 19 42 4 38 7 26 7 35 577 11 15 25 22 71 12 28 57 14 57 25 54 416 11 15 1 88 7 22 12 5 15 65 5 72 44 
3 29 3 2 13 
129 30 7 18 
411 15 
129 15 10 
47 
21 
30 7 14 16 5 2 4 5 19 148 91 3 7 4 10 57 26 28 133 3 6 1 5 10 
7 8 17 11 
2 4 9 
3 411 57 9 
36 82 51 13 577 24 75 8 
23 189 231 3 75 4 3 16 12 9 32 11 416 11 43 4 620 5 8 
8 21 8 
53 148 620 3 
4 58 22 6 54 7 8 
3 129 30 5 3 
411 19 577 13 3 138 25 
7 17 
60 24 28 2 30 55 85 128 71 6 
9 22 47 4 15 16 29 5 12 2 2 3 
11 8 
21 6 6 27 148 4 15 12 32 7 30 26 15 18 4 7 15 61 14 
134 19 620 
10 5 
3 33 5 90 16 55 27 22 4 5 42 133 9 30 8 4 
134 2 577 620 
9 411 5 129 58 33 577 37 15 37 7 6 10 6 5 15 33 34 7 
53 58 14 73 4 58 10 20 7 416 27 13 3 88 3 43 620 1 
3 22 5 231 14 27 12 8 12 
129 14 
3 411 1 42 33 13 13 7 
3 6 35 86 10 7 28 9 
99 29 5 
7 
9 24 5 
411 138 
13 
5 
19 75 6 5 21 1 14 5 32 416 11 65 44 34 
7 4 12 4 2 58 29 8 2 10 
2 6 26 2 6 10 6 5 
134 4 4 416 12 620 44 13 
41 9 
11 
620 
39 10 1 58 13 12 58 35 148 416 8 17 
11 620 
7 577 
7 10 
23 7 577 
10 
3 4 
10 9 5 8 1 14 6 5 
1 2 
10 2 13 4 24 20 23 21 12 20 13 128 577 11 7 71 14 14 30 4 5 6 2 16 620 8 14 10 4 6 5 9 
25 47 73 19 128 7 8 620 3 6 
4 34 
4 
16 
39 2 10 10 
11 39 11 
411 53 5 
34 416 
47 416 
7 65 
55 36 6 5 75 4 57 416 18 
6 189 2 4 7 18 65 72 
6 7 2 2 11 
36 22 620 
2 15 4 138 
20 33 1 7 26 10 416 11 65 4 
36 4 73 12 88 620 30 
3 75 17 
411 11 14 129 3 6 73 19 12 577 4 20 16 54 15 43 12 
4 3 6 3 231 12 20 73 3 13 128 6 577 22 9 8 6 8 620 4 
8 
16 17 189 57 5 10 6 5 4 
29 4 7 2 86 13 2 
85 3 416 22 
11 
5 19 22 6 
411 3 33 189 17 12 20 57 54 7 
12 
3 18 29 231 3 577 2 416 
416 7 
8 
41 9 3 6 
20 189 99 12 7 7 28 148 11 44 15 65 5 8 30 34 12 72 
9 8 
10 
6 51 10 129 6 16 91 15 22 3 8 3 8 2 10 5 8 9 
22 4 133 
57 15 35 
411 8 
134 2 8 5 5 3 1 2 2 46 23 1 33 8 86 416 7 44 22 11 18 
2 
11 5 
133 
9 3 75 18 34 8 9 43 6 3 3 5 
12 5 34 5 577 15 38 15 4 8 416 15 6 10 5 
5 6 13 7 26 6 6 4 2 14 3 43 3 88 8 620 12 17 6 
4 26 41 577 22 30 57 3 9 7 3 5 
36 11 6 4 17 4 24 4 3 7 4 40 7 9 5 
2 55 577 15 
13 577 
15 57 99 20 6 33 57 416 
11 3 
411 8 
42 
7 620 
57 6 
34 9 
4 1 189 2 5 58 577 57 4 33 2 
3 9 7 11 7 5 21 12 128 9 2 14 7 620 14 8 
21 4 6 4 23 4 
411 231 577 620 
577 10 620 10 6 
411 9 24 14 620 
73 
411 5 3 620 13 
3 
11 
411 15 26 5 19 
21 8 16 15 3 
7 138 
16 3 27 90 7 11 56 90 7 
4 21 
7 4 10 7 16 
5 6 8 
4 12 5 4 577 16 25 5 
6 11 9 60 6 9 620 
3 5 2 16 5 1 
2 16 2 17 
9 24 620 
21 
4 53 3 4 14 189 3 42 34 17 5 12 3 51 6 6 9 3 5 6 11 2 11 88 620 18 5 
577 7 7 6 
5 10 3 42 620 17 
4 4 
10 21 8 57 82 36 5 30 20 21 53 58 18 577 2 14 47 5 30 9 6 15 28 44 10 15 13 5 6 
7 
577 
6 9 
4 11 13 577 
2 13 4 10 3 
20 9 2 
14 2 13 577 
20 11 15 231 10 2 2 
85 1 32 21 
3 6 
134 2 5 128 13 577 22 7 33 22 21 43 10 21 4 8 
5 2 9 
8 20 
1 18 
6 
9 91 71 3 5 
577 11 
2 10 3 13 75 4 8 577 7 46 26 30 4 6 13 65 35 2 2 10 6 
73 
10 19 9 24 1 34 29 12 7 3 2 2 4 44 12 1 88 5 33 75 620 15 8 11 7 
13 
60 33 32 7 21 7 620 13 
43 189 3 231 14 55 7 4 7 53 128 28 90 416 133 33 620 18 21 4 3 
411 134 32 189 13 1 577 11 7 133 620 
55 7 1 7 5 19 35 91 15 6 10 17 4 11 
5 14 6 37 26 6 17 
26 11 7 
58 7 1 88 
9 3 33 12 
6 19 14 14 56 3 12 
32 74 22 2 11 99 9 9 18 73 3 577 57 46 27 29 138 
30 46 23 
3 6 22 57 19 
6 11 8 7 
53 46 23 20 
5 7 
3 
99 2 4 6 
38 5 7 577 28 
74 29 16 14 6 4 90 577 3 416 88 133 7 2 
38 13 11 7 11 
5 231 4 2 1 
16 577 
11 129 577 
6 51 577 9 
36 2 20 74 58 12 11 3 73 12 85 15 13 34 58 128 17 620 6 9 
577 
2 129 90 416 138 
411 6 42 4 18 4 3 18 7 71 138 620 2 
5 5 
21 9 7 7 
416 620 17 
3 620 
8 8 
10 
3 1 
13 41 91 37 12 5 2 4 
2 1 
7 
36 55 5 8 
5 4 620 
10 1 7 37 7 34 15 
9 21 41 17 1 16 9 71 5 86 17 9 6 15 14 
30 16 2 8 4 3 3 
10 
53 12 8 2 
13 34 14 12 5 
411 16 3 7 10 18 189 7 4 12 34 29 6 17 6 7 148 11 86 1 19 18 18 28 35 12 17 61 5 11 3 
2 
4 4 57 29 18 
411 8 
9 
6 19 
7 36 7 22 5 12 85 29 15 86 90 11 23 
6 411 14 12 11 2 4 
4 15 3 
1 7 2 
231 60 15 22 38 
7 6 3 
20 15 82 51 36 2 1 16 58 6 22 4 56 90 1 2 36 133 38 4 2 61 24 
411 
9 6 138 13 
3 14 
134 10 18 1 8 5 22 
10 
6 577 
7 
411 11 2 5 16 4 55 20 27 22 37 8 9 416 22 43 33 6 65 
55 7 8 
3 
13 55 9 85 2 2 
11 189 34 30 4 13 51 85 7 22 13 58 16 1 12 71 86 5 5 33 7 4 7 
411 2 5 231 
73 7 86 5 
38 9 27 30 17 15 33 577 71 22 2 2 15 61 23 25 17 
577 5 
4 4 
4 411 15 1 7 620 
2 
37 99 7 11 577 3 
411 32 19 231 82 11 8 6 39 8 22 
8 2 9 22 1 17 30 231 18 75 3 23 3 2 128 148 5 9 416 5 9 11 12 1 
27 
74 3 7 15 12 3 5 620 5 
1 3 13 
1 4 7 18 14 16 6 416 5 620 
57 
8 
6 128 16 38 3 18 
4 18 
1 24 2 
411 19 26 620 
12 
14 
17 
28 1 11 30 4 8 5 12 128 3 138 5 620 22 5 11 
3 5 11 14 8 4 
47 9 7 21 20 2 4 33 
6 21 8 
29 4 24 20 7 39 17 
3 6 
38 16 15 58 
6 5 577 9 8 19 9 
36 4 9 5 2 2 8 
4 1 3 29 11 11 2 10 12 4 5 17 4 4 7 
11 10 73 6 17 8 32 5 29 7 
73 71 
2 
53 6 577 9 
11 99 577 416 10 4 
10 7 2 4 620 2 
10 2 4 13 9 27 3 133 138 5 
9 21 7 2 
5 7 9 620 1 
15 
39 134 9 16 3 9 
577 
6 620 
30 416 65 17 
18 
4 20 1 8 
5 231 16 4 14 30 27 21 17 2 44 
6 61 72 
14 51 20 73 
74 7 8 21 20 53 8 2 37 5 26 7 54 5 2 
32 2 231 47 22 3 91 5 9 2 14 36 42 133 24 
11 13 6 
21 
5 411 2 5 3 129 17 577 6 56 7 3 13 11 4 17 6 7 620 7 5 
7 
411 58 6 9 1 8 10 620 5 
74 7 8 34 7 577 24 3 620 2 
9 6 3 4 51 7 14 4 3 2 2 8 6 3 71 9 3 23 65 72 
411 20 27 26 10 71 10 
20 11 42 12 15 13 75 73 13 5 6 7 577 148 16 9 71 6 16 8 19 10 61 3 8 25 
74 189 577 
1 
8 38 21 10 189 11 9 9 21 13 148 46 416 88 4 8 
38 18 7 8 57 46 5 12 416 5 88 12 620 18 13 10 
6 7 7 6 7 
189 22 22 1 75 4 
9 15 3 39 42 9 6 129 85 2 6 33 9 3 5 17 
416 
2 12 23 
7 30 57 8 14 15 15 620 
6 7 
13 3 2 10 
12 86 416 9 4 
15 53 3 
9 12 9 4 189 51 129 2 3 7 4 13 3 416 4 2 133 65 
25 
4 8 
10 7 10 
1 
10 1 1 7 
12 34 
7 2 3 26 14 11 6 6 15 
5 4 13 2 71 13 7 3 2 3 43 33 2 620 5 
36 6 22 
4 73 9 
11 4 
16 20 10 7 3 7 17 
12 14 10 15 13 
55 14 4 5 28 4 
577 5 13 
134 58 21 2 416 7 13 
411 4 2 26 
14 
411 9 7 3 129 1 7 11 8 
411 99 18 60 28 86 19 65 
12 11 4 5 
20 21 416 26 14 
20 9 416 
20 8 29 18 
38 33 8 57 1 13 620 14 
411 9 5 5 2 2 577 2 8 11 71 16 416 43 4 35 13 15 10 2 
17 99 6 10 30 577 71 5 11 
14 12 231 577 12 3 5 4 
90 10 
15 18 16 129 8 
5 
10 10 
189 231 18 5 5 29 5 
7 
28 8 90 6 
620 
58 15 11 28 
36 25 33 4 18 4 11 6 21 56 1 8 416 36 23 29 620 3 
5 4 10 3 57 99 58 128 
8 13 
60 6 11 6 73 19 28 4 5 88 
10 7 3 14 18 30 
7 55 10 1 12 
3 16 10 
38 2 2 4 21 36 7 73 5 26 27 53 148 4 4 7 5 6 1 133 9 9 5 
11 3 2 3 2 7 36 53 6 148 4 2 57 10 5 27 4 42 2 30 4 
3 148 
577 9 1 620 
6 14 4 
1 12 32 10 8 12 17 189 21 9 11 6 8 19 8 5 26 44 10 54 4 5 133 3 9 35 8 6 12 7 1 
1 
5 20 
9 4 4 25 44 12 18 
14 9 2 3 5 4 9 30 148 3 6 5 44 8 32 6 6 43 3 12 3 5 14 13 
577 4 2 3 
2 4 4 99 22 5 
5 7 13 
4 12 
33 10 6 13 416 133 
1 
30 12 
10 8 4 9 60 16 416 
6 39 11 2 26 57 3 13 6 16 7 13 577 148 9 29 3 11 15 3 17 
11 9 129 19 21 90 416 65 620 13 7 4 
189 90 577 
39 5 30 40 4 8 620 7 7 1 
2 19 620 
38 16 24 8 21 7 3 13 9 4 20 129 85 20 5 8 2 5 12 14 15 3 
411 4 55 2 21 7 7 416 43 7 9 24 
411 15 47 2 9 90 53 32 620 
6 3 16 12 65 
38 6 15 14 
33 71 8 30 
2 189 85 20 40 5 
6 
4 11 
7 3 
4 33 231 2 
18 
22 34 11 26 15 21 
4 5 21 577 148 37 2 416 620 3 5 61 11 2 17 24 
10 7 
2 27 
16 53 39 231 128 2 577 11 6 12 86 7 3 416 88 
4 12 416 17 
189 4 
11 99 4 12 2 37 3 2 44 6 
21 
55 16 74 2 6 22 88 7 17 16 
10 
189 3 416 
8 3 42 3 7 1 577 91 14 40 39 43 9 18 
416 
9 
411 53 73 577 16 14 3 6 
8 
5 5 9 189 5 14 3 30 99 18 129 6 2 4 65 138 7 
5 13 5 
11 91 46 620 
15 189 24 5 4 3 8 3 6 57 2 12 42 5 
19 11 7 2 5 12 3 5 3 4 53 4 23 33 3 8 416 11 133 3 8 10 22 7 
16 11 16 90 2 10 
2 5 38 57 231 129 128 577 29 9 2 
4 7 17 14 4 26 9 13 21 10 8 577 3 16 3 11 14 4 3 
7 10 189 24 11 29 8 7 6 11 7 
8 2 1 39 8 13 2 2 4 90 8 577 12 14 3 15 133 138 1 17 3 9 7 2 
3 10 
411 9 3 33 74 43 57 231 99 14 5 28 577 148 19 91 6 56 6 6 6 32 39 8 13 23 
6 620 
14 
3 3 620 
10 1 26 4 21 
20 577 
18 7 8 8 3 10 133 620 
22 10 
9 42 6 3 58 5 20 3 15 5 
411 
10 
411 620 7 
416 
577 90 416 19 
4 3 19 18 10 6 3 90 13 6 5 57 57 11 19 138 18 
15 148 8 28 620 
6 
1 5 12 4 21 22 577 5 620 4 4 
11 129 
18 
1 
7 30 18 
1 
411 13 
42 3 13 12 30 17 15 2 16 
10 7 26 55 12 4 
6 19 3 148 6 
1 6 47 
13 577 
2 6 12 231 129 12 2 4 5 148 29 22 57 6 8 
129 9 
19 10 
8 7 3 7 6 4 21 12 138 3 
7 
5 5 189 3 23 12 40 71 54 2 44 
26 
12 10 
2 42 5 
22 7 57 1 416 4 133 43 21 7 25 
2 1 
11 5 15 47 
1 14 7 12 5 23 6 3 8 6 3 
5 
3 37 
411 38 4 231 9 6 24 3 
6 6 7 17 
6 8 
33 4 82 51 18 577 4 620 
13 4 
5 7 71 21 
411 13 11 10 22 577 91 8 9 416 43 38 12 7 22 
13 416 34 
5 10 39 18 13 416 9 2 
13 
60 36 14 56 
24 4 577 20 44 9 54 138 
4 411 75 4 11 4 5 
411 134 19 5 8 55 27 577 16 6 9 12 4 54 8 620 44 5 
39 11 19 7 9 189 10 9 4 53 2 7 2 12 14 620 19 8 
18 
5 2 5 4 577 5 2 6 25 1 8 7 620 8 5 8 
577 416 
7 2 
5 3 
14 
14 28 1 8 5 57 2 13 2 
6 7 4 
15 11 231 6 4 20 23 4 53 577 56 7 17 2 9 3 4 8 5 7 11 3 5 44 
7 5 3 18 
6 15 7 11 85 7 15 54 15 6 5 25 22 17 
6 55 16 2 17 8 3 
1 21 11 10 189 47 5 13 5 2 29 
5 37 6 
12 5 9 
411 3 5 
13 
39 1 33 129 
6 3 15 
8 577 15 8 13 
73 9 
5 5 5 4 
8 
53 9 
53 577 
138 
35 
411 74 7 51 12 22 15 
2 
51 10 2 8 27 3 42 620 
411 23 57 99 4 3 4 3 3 19 6 
5 6 82 9 5 13 11 
4 10 
6 5 2 73 85 4 53 44 3 5 4 8 620 2 1 2 2 2 
5 
53 24 416 72 
134 22 18 32 27 
51 32 12 
1 4 28 7 3 16 36 3 8 2 18 3 2 4 58 30 22 577 18 4 4 16 90 7 8 2 16 133 138 3 620 4 7 8 
2 
18 
90 27 
620 
411 11 19 
411 129 3 
1 3 5 4 3 44 2 10 8 620 5 6 
43 3 6 11 53 60 1 12 4 9 16 38 11 4 
5 4 15 9 11 2 26 5 5 11 
411 4 27 6 15 
620 3 
2 16 
15 6 
21 19 
6 21 
16 2 6 1 7 
16 5 30 85 12 9 8 4 86 416 10 2 38 8 
6 14 5 5 2 51 3 4 7 577 5 21 7 416 11 42 1 38 620 6 2 
11 4 9 10 
18 19 16 577 57 7 
57 18 46 4 620 
60 3 58 22 9 60 37 26 8 416 1 22 9 4 2 
37 75 7 24 10 
13 
411 20 5 10 1 22 22 620 
7 
47 620 8 2 
24 
20 8 15 26 6 4 6 5 71 23 13 
20 9 20 6 3 2 2 
411 15 42 29 17 27 24 
3 6 22 11 2 27 3 
60 9 2 27 
23 12 29 23 23 
1 3 19 2 
1 55 416 14 
14 
11 3 577 3 133 8 
55 19 15 57 24 11 6 4 60 1 13 86 43 88 
9 5 22 7 8 
51 14 14 19 33 3 65 2 
134 43 22 37 51 3 6 1 4 2 5 2 4 138 11 9 4 
9 5 411 4 6 85 18 148 5 43 7 21 88 24 
24 2 
2 9 22 8 8 2 4 3 1 88 4 3 
13 2 85 8 9 25 2 1 7 20 9 
20 12 14 90 
19 8 
6 19 
20 189 58 26 3 15 
411 
411 134 33 32 18 13 189 4 2 12 10 42 12 6 53 6 22 57 7 5 19 7 22 
47 
19 20 11 
411 4 21 
411 11 16 30 
416 
4 6 13 
4 6 51 1 2 25 25 
4 10 35 
6 9 
1 
21 33 
5 57 75 
4 
75 
19 75 129 13 9 54 6 33 138 25 11 24 65 
411 33 22 9 73 577 24 46 6 5 
3 57 
15 6 577 22 15 1 620 7 
5 90 11 138 2 22 4 
8 
22 42 
411 4 14 16 12 5 53 8 12 3 16 620 10 2 
9 33 24 53 26 416 620 
14 6 
14 416 8 
3 138 
411 13 37 18 5 9 10 55 58 9 4 10 620 7 6 7 
10 
90 133 
19 22 18 7 55 3 22 58 1 39 33 36 30 44 34 7 
35 91 6 90 3 
411 11 9 23 24 53 55 11 42 
5 46 416 
9 11 7 10 
6 9 
28 620 
411 134 8 
15 4 16 128 28 148 416 16 7 15 
60 10 2 12 15 20 57 90 416 21 620 
3 6 4 12 
189 4 18 6 5 38 3 
20 20 2 30 9 129 55 23 577 91 15 86 7 6 6 6 9 620 30 
7 416 
16 1 4 9 2 8 
5 416 
189 6 
99 6 148 
3 2 8 9 129 55 9 17 23 9 53 1 9 11 8 22 13 15 30 24 
12 
60 19 15 2 19 14 3 14 5 12 20 5 53 35 9 44 14 13 4 11 4 5 3 4 133 9 11 17 22 7 11 
9 620 
9 
7 
11 4 1 18 13 7 26 22 2 13 6 1 4 
6 148 5 57 5 
11 2 11 4 13 
16 411 
14 24 17 61 
22 17 
58 73 8 577 19 88 
5 99 73 128 4 
73 57 620 
58 73 90 18 620 
36 90 620 
9 3 
6 620 
7 14 4 
4 9 6 13 12 14 5 72 
6 8 2 6 17 2 6 5 577 3 20 2 14 11 4 10 
9 2 42 19 5 17 4 3 7 6 620 9 10 
8 411 6 38 22 
9 
4 411 7 15 11 15 18 4 148 7 44 5 6 
42 8 28 90 20 
3 
57 
3 
411 28 
21 
1 75 55 577 26 88 
32 3 18 57 24 17 128 22 38 20 26 21 22 620 17 
15 4 27 
5 20 12 11 3 
9 13 1 18 189 2 12 75 42 34 23 37 39 4 27 16 5 12 6 39 18 8 10 5 7 22 24 30 
10 6 30 2 4 13 2 128 11 9 75 13 7 
14 22 16 4 9 4 11 10 7 43 3 
4 17 10 6 9 14 14 
5 7 
15 47 39 8 
411 36 5 6 11 12 85 15 30 71 27 11 44 10 1 86 1 13 5 2 25 65 27 
12 
21 
11 14 16 3 
71 
9 16 15 4 
21 
39 8 4 23 8 3 23 12 22 73 577 39 71 6 47 4 9 620 
4 21 
21 
9 
10 16 22 24 7 60 6 577 16 9 71 416 4 5 43 138 65 
53 8 7 
148 15 30 10 7 
13 7 5 189 51 7 5 20 3 35 11 5 6 25 17 8 7 6 6 
39 53 13 11 189 14 231 8 8 577 7 6 18 56 11 3 10 13 8 44 6 11 11 9 3 4 30 
11 17 7 4 55 6 23 4 55 3 26 30 6 54 416 7 17 14 
11 2 32 4 65 
8 55 54 6 
55 411 32 3 10 9 5 12 28 1 11 9 2 47 54 19 88 12 34 6 
6 9 2 2 23 30 577 4 
1 10 231 36 30 90 5 577 1 2 138 620 17 
134 10 231 90 5 577 8 27 133 10 620 
5 24 21 1 5 1 22 620 8 18 22 
39 20 21 4 
620 
620 
620 
9 4 7 
7 
2 9 8 9 12 7 
4 4 620 
8 13 
13 43 12 7 7 5 3 21 11 5 4 3 61 23 
33 4 28 14 416 
12 5 
25 6 8 14 10 
33 54 1 2 14 
189 21 577 91 56 11 416 16 
9 
411 33 10 16 55 577 37 56 28 6 133 
16 4 75 13 1 58 57 26 12 61 
411 2 4 
4 27 148 57 39 75 
12 6 4 
85 
9 2 2 2 
5 23 38 
41 34 
58 189 9 8 8 577 2 4 11 65 
56 
8 23 16 7 7 15 128 4 1 54 2 
2 10 
1 36 20 14 4 23 58 15 189 26 16 99 21 2 16 3 8 90 58 577 1 7 71 4 7 3 2 416 7 4 88 3 2 25 2 27 9 
23 22 
6 148 2 19 133 
8 5 5 6 8 
3 231 75 34 13 8 4 90 58 128 2 33 3 416 11 
9 
29 
2 10 
34 13 416 
7 
9 11 29 30 73 15 577 7 5 3 138 21 16 
2 5 1 72 
11 
21 8 8 
3 620 8 8 
74 189 6 27 148 11 27 
10 11 
4 10 20 4 
6 
620 
620 10 
3 15 5 620 
8 15 
8 15 
58 18 129 29 90 11 
1 4 3 
411 19 17 85 
10 9 
42 7 2 5 
411 19 620 
2 
51 4 
4 38 27 4 9 2 11 5 3 3 11 65 
3 6 
57 60 14 7 
129 
55 6 33 46 5 2 620 
15 5 85 91 
18 
411 16 2 620 3 11 9 
7 620 2 16 
60 71 7 
3 8 231 
13 3 9 7 133 
4 6 30 5 2 6 577 71 5 15 14 14 30 26 13 18 2 14 6 3 
18 14 620 21 2 
416 
1 7 6 
4 
30 
60 22 128 18 
22 2 7 
5 46 30 
3 3 
1 12 39 13 6 4 30 10 42 85 16 7 1 2 33 6 3 57 5 2 2 33 7 10 2 17 6 5 8 25 
21 4 5 620 
8 6 10 
6 3 73 58 13 38 2 3 620 
4 9 16 2 33 148 71 3 17 416 4 3 6 
28 82 577 26 16 33 15 17 620 
2 11 90 1 18 138 22 3 
5 189 17 2 4 8 577 9 2 10 43 7 
1 
3 7 1 
24 
4 4 9 
55 74 
411 16 32 7 57 231 4 7 13 5 5 53 30 577 5 37 8 86 32 10 2 2 38 34 7 6 9 
1 5 1 13 3 25 
16 411 60 33 25 39 231 47 15 4 88 620 6 
5 
39 7 16 8 2 2 26 
32 11 17 5 11 12 3 29 1 25 1 2 7 5 57 7 26 17 10 3 6 5 
71 4 
8 2 29 11 12 
16 11 10 65 72 
17 6 17 
8 22 17 8 86 2 5 7 
411 5 3 
2 4 
411 15 10 4 11 231 55 12 577 21 2 14 620 4 15 23 
17 7 26 620 
6 
99 51 51 7 4 13 58 12 577 53 39 27 12 86 27 133 4 138 18 4 8 30 
411 13 4 2 5 22 37 90 7 16 128 577 4 30 86 18 42 133 7 23 
6 2 47 16 57 4 2 34 8 12 
19 17 231 24 90 23 7 9 86 90 3 416 7 88 133 21 
37 30 10 8 129 34 577 71 4 10 1 44 24 
23 90 128 577 2 13 
10 
3 18 15 10 
189 11 17 3 75 42 18 3 11 416 133 11 5 25 4 6 65 
13 18 10 
36 13 1 16 14 
577 22 
24 7 33 10 11 30 90 26 16 2 17 
5 3 9 57 10 23 14 5 5 21 620 4 
411 9 10 3 577 56 57 
51 
2 129 2 30 
3 13 9 8 37 10 3 
577 90 133 
7 
1 10 
18 21 12 44 34 14 
3 
416 
12 
20 21 8 8 
86 
16 4 
10 3 3 
21 1 
43 3 6 3 7 11 12 
7 
60 10 6 5 47 129 27 13 9 88 2 
12 
1 
6 5 55 9 15 128 577 39 2 8 11 8 2 3 4 620 3 
10 
1 
17 577 7 57 15 10 27 
4 231 9 6 
10 60 620 
9 3 13 1 620 12 
5 21 13 129 12 15 13 4 7 3 620 61 
416 
9 25 1 5 8 3 
7 4 
3 6 10 231 10 23 85 25 58 37 29 3 5 3 12 3 416 12 4 5 138 5 1 11 61 6 
4 
20 7 22 6 11 231 9 20 73 4 6 73 7 24 9 10 577 21 1 71 3 416 23 9 620 44 6 
2 4 18 18 12 
411 15 4 7 3 12 231 9 8 9 1 29 22 15 7 14 2 2 4 2 32 10 4 7 3 620 44 34 12 21 10 5 24 
18 
55 6 15 11 189 51 42 37 4 148 2 416 28 75 2 2 4 3 9 10 7 
7 577 33 8 
25 
53 20 189 3 577 46 33 4 4 1 
4 18 15 29 91 620 
9 7 11 12 7 53 37 7 6 75 16 
577 3 26 33 6 
42 8 21 28 10 10 6 7 7 43 75 7 14 
2 12 620 13 5 
42 47 17 8 
17 38 21 8 
5 18 15 
411 2 29 7 620 5 
11 11 9 11 75 11 55 10 5 91 27 9 4 3 6 1 43 138 5 6 1 13 72 
55 9 11 12 99 577 2 12 1 3 21 416 12 
4 128 3 25 8 
411 5 
2 16 3 
11 21 11 
411 416 7 
19 11 3 24 
55 38 19 30 148 11 4 13 32 4 3 5 13 
129 4 65 72 
22 7 
134 8 5 17 42 5 231 10 22 10 38 5 8 28 23 21 55 10 8 6 29 38 7 1 4 7 1 3 38 3 22 9 18 72 24 
8 34 
411 189 26 231 82 47 1 7 16 3 19 26 71 1 21 13 620 4 4 
9 16 36 43 1 19 12 9 73 7 18 577 148 10 46 26 90 30 2 42 75 620 13 11 22 4 
620 
13 6 
8 
8 17 38 8 128 
17 129 21 577 9 
7 
23 58 10 6 2 577 21 25 15 2 2 
2 91 6 
19 26 3 129 9 27 18 577 10 9 57 86 15 7 4 8 8 34 4 6 
5 577 
25 10 
15 26 577 1 416 620 
5 
8 6 
7 22 34 23 17 8 19 18 27 
7 9 
8 18 8 5 6 12 7 20 3 2 12 
3 620 11 
13 29 
13 74 7 2 11 2 4 4 22 9 138 620 13 4 8 
3 11 12 577 22 620 
3 12 51 7 11 6 7 620 5 
18 
18 51 17 43 2 16 
51 
4 
1 
15 34 16 90 2 
411 37 26 15 
18 4 13 27 24 44 
411 39 14 
5 9 27 
7 
416 
34 51 7 7 416 
51 2 7 6 9 4 2 
9 53 
38 2 5 4 29 231 10 6 129 90 6 577 17 7 5 133 44 8 7 6 3 
6 1 47 16 2 4 28 620 
7 11 10 23 12 13 416 12 7 
12 22 13 27 21 7 11 
13 
82 85 8 3 148 37 7 
620 12 
411 10 51 27 577 26 3 90 35 8 
11 22 620 
3 15 
11 6 11 4 
1 7 42 
189 12 7 231 82 51 9 5 13 60 128 38 25 6 10 620 
8 
5 
12 60 91 5 
13 16 11 
14 2 27 90 7 
16 231 577 4 3 
7 2 7 10 9 6 3 61 
8 5 3 13 620 
15 37 8 
14 
9 11 7 2 8 4 9 57 15 3 26 39 5 16 7 75 620 7 9 14 19 17 7 3 2 6 15 
5 3 7 32 6 
11 10 4 
2 7 620 9 8 
129 21 73 
134 5 2 189 26 29 82 7 18 2 11 129 15 73 2 91 1 5 11 10 3 1 7 11 19 16 2 7 8 7 5 
36 30 416 
411 60 6 577 5 42 19 8 
5 9 8 6 3 9 2 
43 5 11 10 8 20 13 
6 10 3 
17 34 3 35 
129 27 4 
5 82 13 85 4 26 14 4 32 2 33 44 34 25 6 7 4 
4 12 577 37 133 
41 4 7 7 129 3 2 15 30 8 9 44 34 7 
12 4 14 57 7 3 416 11 
11 
36 4 27 91 12 8 19 
134 22 
7 6 2 3 17 11 
58 43 5 29 231 18 90 7 577 3 416 7 25 
411 60 231 7 15 3 15 47 7 38 620 
15 8 7 
15 
3 7 22 3 
411 36 3 129 4 30 19 6 
20 7 189 10 51 16 53 5 18 2 3 5 57 54 39 133 4 11 30 
13 18 3 6 7 5 15 
14 
4 17 20 34 
2 11 33 133 18 18 
129 1 1 6 
75 
12 9 1 9 4 2 35 4 2 8 1 12 86 3 7 34 5 12 
60 13 13 8 15 99 9 9 14 73 8 53 58 148 57 18 22 2 86 2 17 21 8 75 620 1 5 7 
29 
134 14 4 6 
411 8 134 8 10 231 7 29 22 88 620 
5 90 55 3 
8 6 3 8 30 43 23 620 8 18 17 
3 
22 5 
4 5 3 4 9 2 3 3 6 133 35 138 1 24 
7 4 231 16 22 47 55 5 19 53 148 53 57 3 22 11 33 12 17 416 2 8 6 88 4 28 25 
6 
11 36 9 189 129 2 5 10 620 
129 27 10 4 4 
620 4 65 
60 58 51 58 53 56 33 57 13 26 133 8 4 44 
7 8 
6 231 30 8 13 12 44 16 7 416 11 16 4 
8 6 9 36 12 27 23 577 86 65 43 17 
13 19 56 9 
416 
7 15 12 37 3 25 577 16 33 8 416 8 10 5 133 5 
11 
6 5 20 14 11 
17 3 16 8 12 4 8 21 2 620 
3 3 2 
411 4 5 47 20 20 3 7 21 5 2 20 
411 9 5 231 5 20 5 12 11 15 20 10 15 
5 
5 34 17 9 33 577 148 37 5 29 5 3 620 11 17 
13 8 
5 
14 42 
3 15 4 7 11 577 29 21 620 
3 19 2 42 23 577 3 8 11 75 620 5 24 
3 134 6 9 10 7 189 2 37 5 5 9 58 577 56 38 8 7 8 8 36 4 138 33 3 620 65 72 
16 
14 128 577 
128 5 
5 73 6 27 3 20 13 416 27 620 8 
22 
620 
411 36 55 3 13 4 
16 4 3 10 6 8 75 9 7 4 14 8 33 5 9 11 3 1 7 
51 128 
55 9 26 
12 8 577 14 9 17 9 
18 1 17 
10 
6 11 6 16 
29 36 
16 53 23 7 
2 27 3 
9 29 17 
36 231 128 4 40 34 
4 13 14 11 8 1 3 7 10 18 1 5 3 1 33 5 17 3 
29 73 620 
6 416 
5 38 7 36 
13 14 5 
1 620 
189 82 8 12 620 
22 14 1 416 4 
60 33 41 3 82 38 16 91 14 13 17 7 26 416 11 6 8 61 
91 416 16 17 
411 11 3 11 6 14 20 14 53 128 577 3 12 9 3 133 20 
3 7 2 
60 14 34 15 2 13 
43 14 9 90 416 
231 4 75 73 85 5 56 620 
134 4 29 19 85 5 5 2 30 416 1 2 4 10 
11 5 7 9 
22 189 82 16 75 4 7 35 26 416 36 65 42 138 15 2 13 24 
10 134 24 74 8 82 4 17 58 57 57 3 8 29 620 
7 3 2 416 6 620 
5 15 15 42 10 3 9 58 17 4 4 3 133 5 2 72 
189 7 7 11 99 6 8 10 18 35 3 8 8 10 1 7 
577 
18 2 7 
9 4 
577 
65 6 
13 12 7 75 129 6 3 9 148 8 30 57 90 
21 2 30 71 5 
4 
5 24 
2 
231 7 12 15 4 6 
3 
51 3 12 54 4 8 
3 3 9 7 6 3 577 12 6 6 620 18 3 9 
5 43 6 8 21 2 8 
12 42 8 
61 
22 8 
24 
189 231 24 9 3 53 58 1 10 22 9 13 88 3 
7 42 577 29 620 3 
620 
5 
6 20 43 620 
73 58 3 9 620 
13 15 5 231 3 82 11 14 7 3 2 7 22 18 3 33 53 21 56 38 25 16 1 8 35 2 44 17 6 11 27 
57 620 
3 75 9 416 
134 2 9 18 4 11 85 6 58 2 128 22 17 33 3 5 88 5 2 19 7 5 11 4 3 13 5 44 5 
3 14 11 4 13 9 1 12 231 13 4 3 5 7 7 7 9 9 5 53 12 8 16 5 6 13 1 7 3 3 2 34 1 4 7 5 11 
91 13 
17 
26 8 
8 416 
51 6 11 12 133 
36 23 15 14 13 20 577 20 37 27 4 3 65 
2 
13 60 10 13 1 20 27 577 37 27 43 9 4 
9 10 6 3 14 
20 53 20 10 58 189 12 6 1 5 22 21 27 6 55 12 11 53 148 11 57 2 9 18 6 3 8 4 133 9 10 8 4 11 5 5 5 65 
22 14 2 148 71 10 19 35 44 
411 6 11 
4 8 
1 
2 8 
6 8 
13 23 8 19 
38 21 74 9 231 82 8 3 28 1 5 577 4 40 26 1 7 9 2 4 
2 
189 36 2 60 3 24 5 14 3 7 6 620 11 3 5 
23 1 3 5 13 18 65 5 4 13 6 
2 9 4 13 9 2 4 22 4 11 7 3 21 5 5 16 15 1 53 13 57 12 33 2 21 5 7 6 27 
16 5 4 8 29 29 3 6 620 
4 5 6 6 73 3 3 5 
7 4 
5 7 
416 
23 8 231 2 34 577 71 2 4 57 8 14 30 416 12 88 65 43 10 6 4 
3 8 5 8 90 11 25 416 9 
8 
36 577 
17 5 73 12 
9 5 9 577 8 8 8 19 7 
27 4 5 
411 9 6 6 577 7 35 
2 
51 6 9 577 20 46 71 5 3 29 7 416 3 33 34 22 4 10 6 27 
577 416 33 
17 231 36 22 12 6 
24 15 17 3 
20 2 
5 15 10 133 
4 6 5 189 9 37 3 6 73 12 27 20 25 5 3 90 5 36 6 9 1 12 6 27 
5 8 189 3 12 44 
9 7 90 5 
6 20 2 9 8 
16 42 57 7 129 5 58 6 17 15 86 75 620 7 
47 8 27 26 28 9 2 3 3 7 6 
577 10 
411 
21 4 2 
22 13 7 
3 5 
10 129 47 11 620 
189 18 231 9 2 9 25 
3 411 134 13 189 1 577 620 
4 3 4 2 
36 21 33 8 7 17 11 65 
4 6 37 7 9 5 4 4 4 58 5 1 8 32 10 8 23 7 
53 9 
23 
71 30 
24 61 
47 
4 30 11 8 11 10 54 18 7 3 11 
29 27 416 39 
411 39 51 38 6 19 11 14 9 
134 3 16 21 7 16 
4 20 86 18 7 9 6 7 
416 
39 6 21 38 
9 1 16 24 15 1 33 133 
12 9 129 3 2 620 
19 7 4 51 7 7 13 
18 
16 18 
8 21 9 9 189 11 3 55 25 6 7 40 71 10 4 17 2 133 
4 9 7 3 6 9 9 
4 
16 
134 15 16 3 24 7 2 12 128 6 15 6 416 4 26 20 7 8 
2 3 9 1 18 
16 9 6 73 7 8 53 7 3 26 3 7 14 65 12 
17 2 3 42 129 6 53 86 90 5 17 25 23 
2 60 231 8 55 22 4 
23 15 42 9 8 57 21 26 7 
416 
6 6 13 
15 10 19 
8 
6 2 
20 25 7 189 4 24 23 14 9 1 3 1 5 10 19 26 7 6 5 54 8 15 88 65 3 5 3 
620 
14 15 3 22 7 21 27 6 22 16 58 148 5 24 3 6 44 
5 
8 
4 620 
3 20 18 90 12 37 9 25 32 4 416 6 21 8 7 
8 620 
411 16 18 13 3 71 416 
2 
36 47 27 2 
10 33 416 620 
55 10 91 
411 2 6 58 9 4 75 4 22 28 19 20 16 2 19 7 15 25 21 416 4 23 3 
3 30 
23 8 3 4 416 16 65 75 620 
5 2 133 6 620 2 2 11 3 
5 
23 5 4 7 
19 8 416 
6 
13 
1 19 8 27 18 
25 30 620 18 
411 12 11 30 231 20 18 20 12 11 12 19 4 91 5 71 2 30 5 3 8 15 61 10 13 9 9 
19 4 11 189 7 10 51 9 6 7 11 3 8 2 90 9 8 2 6 577 5 71 4 5 32 30 54 416 3 21 5 5 10 8 620 5 6 2 24 
6 231 8 4 6 
134 9 36 12 4 231 2 8 2 2 577 13 44 2 1 13 2 620 34 
71 
74 3 99 12 27 2 577 26 30 26 416 21 133 11 22 
411 7 22 18 12 22 1 16 577 13 620 9 27 
411 6 11 46 17 8 
51 5 6 
620 
8 5 6 2 9 
11 7 3 21 8 25 9 24 
5 6 10 3 
3 7 
6 6 4 36 3 3 33 1 12 2 5 
60 6 73 577 
3 189 8 42 57 8 13 73 148 2 4 14 75 10 15 
12 18 36 
7 
6 
2 
3 416 
19 
2 34 60 17 56 38 4 
8 134 20 74 18 75 1 6 577 10 9 9 
411 8 4 10 6 39 13 17 5 82 55 5 23 15 5 9 28 148 11 11 24 46 33 57 3 3 5 32 19 11 6 10 2 61 4 8 44 
1 1 
17 2 9 22 
23 2 
411 17 23 60 2 10 8 
9 2 10 16 4 416 10 11 7 34 2 
3 8 4 4 
9 4 17 577 32 13 
21 7 91 90 
620 
30 9 19 
4 3 416 26 6 2 
411 3 65 72 
39 6 6 8 85 12 4 11 90 7 
5 4 19 6 
71 416 
19 
11 7 8 129 28 90 25 16 5 
411 11 
3 
3 
411 10 6 21 33 2 17 4 26 4 21 30 9 1 9 3 6 24 15 91 57 20 11 29 17 416 19 6 18 1 11 
17 71 8 2 1 
7 
7 7 
43 189 231 7 3 12 86 16 416 4 133 75 6 
6 12 231 99 3 577 9 4 88 4 5 
4 
411 134 5 15 28 33 30 6 26 2 15 4 22 
15 5 60 38 16 33 
9 26 24 3 30 8 416 7 13 
411 15 20 91 27 
9 23 35 148 12 4 4 9 25 17 
5 18 6 24 20 15 5 3 15 19 148 56 44 2 416 13 42 133 75 8 
51 
12 
7 
2 74 189 18 36 53 577 8 1 416 19 21 88 133 10 25 10 22 72 2 
411 5 11 189 4 5 99 4 7 28 2 58 4 27 22 26 25 1 1 1 88 7 620 3 13 
134 4 2 577 3 90 11 17 33 25 
5 27 26 14 71 1 3 
138 620 
3 3 577 3 20 6 5 27 
10 
9 4 10 14 58 8 7 19 13 9 24 8 55 12 90 58 11 3 577 53 3 18 4 8 3 5 9 5 10 3 133 8 25 12 
8 189 4 14 5 19 14 23 4 3 16 12 7 6 15 128 577 10 6 10 16 8 54 3 12 6 65 
22 4 3 7 8 2 40 71 86 13 9 
1 10 74 73 11 3 19 18 128 28 577 4 39 3 620 13 
416 
12 10 4 620 
21 17 620 
18 620 65 
16 3 2 9 3 65 35 
5 
4 
16 
3 13 15 29 231 5 4 3 1 90 6 577 22 2 30 54 3 3 3 33 3 44 
9 36 41 12 55 16 7 13 
3 
12 7 148 44 86 22 
12 9 9 148 91 44 
148 29 4 
411 12 7 3 
4 16 15 24 3 18 13 12 
12 13 
5 99 14 24 13 3 58 13 4 20 10 4 16 7 2 
9 14 
15 8 9 5 6 46 12 6 5 8 6 2 9 6 620 1 8 21 
5 9 5 7 21 44 54 416 11 620 
13 18 8 
74 12 7 6 55 577 19 11 
7 20 
4 6 38 33 74 4 14 73 3 7 15 577 21 19 620 11 
30 9 
2 7 
11 18 82 2 85 6 58 90 10 416 65 30 
411 29 20 9 
2 
411 8 29 148 27 
189 577 
17 138 620 
411 41 82 12 22 3 53 577 4 17 13 133 12 3 6 
411 5 5 5 577 8 
411 9 
3 11 6 56 620 
7 9 1 3 53 13 6 10 620 
9 9 
189 35 
13 16 12 7 4 2 2 1 3 5 11 3 26 2 1 
12 32 6 9 18 14 6 6 22 3 2 3 4 53 10 7 2 416 5 27 11 4 2 11 25 
4 20 6 8 5 4 5 5 16 38 2 4 148 91 9 1 17 416 29 5 4 11 7 
15 231 6 1 13 22 44 6 416 8 2 138 620 
411 3 71 5 
4 85 23 12 13 
10 42 4 44 7 416 7 13 620 
411 30 3 12 620 
55 577 4 
43 3 
21 17 5 4 3 
54 6 
4 10 
17 14 13 
5 
416 
17 5 2 577 620 
4 2 15 12 577 10 17 91 2 
8 5 3 3 7 12 
6 82 20 5 86 88 620 
33 74 8 189 57 6 18 7 577 46 416 9 6 5 2 
16 4 1 
53 3 30 12 18 53 
39 36 6 13 34 29 18 4 7 4 4 577 11 56 3 5 57 57 11 21 416 43 5 7 18 27 6 12 33 11 17 5 11 13 
18 12 18 73 3 13 23 577 91 46 8 11 416 3 
90 
5 4 3 
14 16 4 9 58 577 90 21 12 
231 
30 1 55 3 19 16 
5 3 
60 7 38 9 8 21 
9 25 15 13 37 10 7 1 22 577 148 7 25 7 2 25 33 71 1 18 88 6 75 2 30 4 24 
8 
6 
35 
4 
5 22 14 2 2 14 2 2 24 
4 
129 46 
21 20 29 
3 
14 10 
10 55 5 15 577 9 9 30 416 35 
5 
8 15 10 14 10 7 3 
53 13 231 26 24 10 13 
5 18 10 13 26 19 7 24 
411 6 72 
3 17 11 
411 6 19 189 6 7 17 25 11 4 8 17 
36 7 
38 129 11 
55 14 
8 189 27 8 
9 7 7 6 7 
60 3 3 8 7 3 577 3 8 4 19 5 2 
2 57 
6 21 10 17 17 8 12 14 25 8 35 11 577 7 2 71 7 416 6 75 9 7 5 
39 8 3 10 577 5 46 86 2 416 43 10 7 21 17 
53 58 35 7 
4 15 17 19 1 138 30 44 8 6 4 
5 2 
7 3 6 1 3 8 3 5 53 4 577 38 33 4 17 8 4 3 3 
19 
39 25 1 231 5 6 75 577 5 12 27 416 5 620 25 5 17 9 30 
4 
3 189 75 55 90 3 60 17 4 148 40 26 38 5 6 3 33 17 9 133 2 620 7 22 15 7 
3 34 11 4 
20 14 
2 4 3 5 2 8 138 
411 134 57 9 16 5 10 7 4 
4 24 2 99 30 
8 
15 18 27 416 3 620 
22 15 8 416 620 4 
1 16 23 22 12 231 99 4 2 2 58 4 19 577 4 8 21 71 5 4 416 620 3 
82 53 27 
134 3 8 
55 5 231 99 7 4 577 19 416 3 6 12 14 8 
411 11 19 
7 2 9 3 6 
2 2 3 24 
5 16 
3 39 5 4 
8 
16 36 10 20 
411 4 577 4 
36 9 
1 22 577 10 2 19 38 2 
3 12 8 4 8 71 11 
13 5 
6 99 23 38 148 4 57 26 12 7 2 620 
90 
65 72 
12 
12 75 18 3 8 128 13 7 27 7 6 15 620 10 4 17 72 
4 411 134 16 4 22 128 577 53 3 71 25 11 27 13 30 1 
19 1 
15 134 16 4 5 577 11 10 12 43 7 
4 2 189 34 37 6 5 11 577 12 2 620 9 8 
33 2 
8 129 13 65 29 
21 13 
16 6 189 11 148 46 29 
411 134 36 8 29 7 7 4 57 27 18 11 
8 3 189 8 
3 
12 
43 189 231 2 7 577 5 15 3 6 4 13 2 
9 20 9 58 
7 3 12 26 86 15 8 13 
9 
13 10 4 20 16 33 10 72 24 
4 
8 55 28 10 5 9 
3 4 10 
55 411 2 10 26 
55 3 
8 
25 10 13 13 22 
18 
6 4 2 3 6 32 10 
12 18 17 25 128 57 9 19 13 
21 2 
11 41 231 24 8 58 128 
2 20 
55 
37 51 3 18 7 7 2 4 53 5 91 2 19 26 18 44 4 8 
55 13 24 12 129 35 8 
13 18 129 3 
16 4 6 4 60 86 416 6 15 12 18 
1 148 5 416 7 8 13 
7 28 36 
6 
6 577 10 
11 6 2 21 
20 5 18 8 5 
18 
27 
1 231 
15 20 8 5 37 10 2 4 416 
34 4 14 17 53 5 3 620 1 
29 91 44 133 5 
29 3 1 82 8 7 21 13 60 30 577 148 13 26 32 4 3 35 138 3 22 2 65 72 
15 19 20 25 9 2 
411 4 5 9 8 
19 25 
2 2 577 5 
13 577 53 13 28 416 
41 11 8 
4 7 2 26 11 15 8 8 
24 41 43 8 75 4 3 
15 13 16 
11 7 
128 577 6 416 11 19 
19 5 3 7 3 9 4 75 
8 
13 24 27 10 
3 577 
5 
12 22 
9 2 16 416 6 
39 189 3 10 7 12 21 85 30 20 55 53 16 90 3 416 7 3 18 5 30 
5 10 
3 33 3 4 30 56 416 3 18 5 
11 19 4 6 13 25 21 20 620 
15 6 416 10 
4 13 
24 4 3 39 189 29 8 2 21 53 7 4 4 54 416 2 7 
411 1 
129 19 2 6 
411 15 73 620 
2 51 416 43 620 10 17 
74 3 13 3 1 9 6 7 3 1 3 53 577 37 39 12 5 3 15 2 6 16 133 38 10 10 7 
9 
21 17 34 8 91 5 8 
7 
19 55 58 577 138 75 
4 21 58 71 15 138 
134 577 6 
5 3 6 4 
4 8 
189 33 21 3 13 37 71 25 1 5 9 2 133 
36 10 1 15 73 13 5 577 7 416 8 4 24 
5 9 4 37 15 85 4 28 8 4 12 138 
33 9 133 
13 36 9 9 5 3 4 82 6 8 53 577 22 3 2 5 2 
9 12 3 6 
411 7 4 5 58 4 13 43 22 19 10 6 27 
6 
416 
6 55 6 
7 3 4 7 
11 10 
99 71 
11 
11 11 
58 4 18 10 8 620 44 
8 
7 11 6 14 620 
8 7 1 65 
25 
5 5 3 8 
25 
11 2 37 16 53 47 88 620 4 
4 3 3 
5 53 
11 
2 75 
9 
14 
21 18 
18 7 7 
13 
14 
8 13 19 
39 3 8 4 189 5 15 15 5 21 6 16 2 27 42 9 75 1 30 5 8 10 
53 8 26 8 416 
5 18 4 
129 29 30 
620 
411 2 14 13 17 37 2 3 12 10 3 30 416 
4 10 5 11 
2 4 5 90 
3 416 6 
411 18 15 4 44 6 620 11 11 
13 5 18 189 4 13 47 28 128 2 6 12 18 138 2 7 
6 5 5 47 3 5 15 2 128 53 20 71 30 44 
39 134 23 3 9 18 20 22 128 577 4 2 8 138 620 
3 8 11 14 6 5 
46 7 16 
15 28 71 9 8 3 
2 2 33 620 
12 15 
1 3 18 11 3 99 4 6 3 44 2 9 416 23 4 65 72 23 24 
20 7 57 19 46 17 9 29 21 5 
134 231 9 73 7 19 6 
99 
9 6 24 36 74 189 5 24 12 3 40 6 88 13 5 20 138 10 620 
6 24 90 2 
2 23 15 1 47 33 416 
129 11 
1 11 
129 11 6 8 
1 22 8 27 5 
4 4 14 10 1 
6 11 42 25 57 22 8 72 
2 
2 
3 
577 
4 5 577 23 
19 4 12 6 5 577 8 3 22 42 19 3 6 8 
8 
21 29 90 8 133 620 
1 1 9 
3 10 21 73 7 6 
6 
16 5 5 29 
6 3 
6 16 5 9 2 30 14 
1 
4 
411 30 27 12 43 19 
231 13 55 128 577 7 44 9 27 
22 
10 8 577 6 27 
411 10 9 5 2 
411 6 12 6 
3 1 
5 
2 57 5 
5 
9 20 13 42 17 40 12 
10 18 38 29 7 16 29 26 12 54 13 9 44 
12 21 3 4 37 2 5 
1 
15 577 
20 60 4 9 16 5 51 75 85 24 58 7 128 18 16 13 17 25 3 11 4 9 42 44 
4 2 
23 
7 3 
71 416 26 
13 13 5 47 2 5 4 14 3 2 30 5 4 3 2 61 
47 9 8 
6 
8 22 
53 38 
2 47 4 14 21 5 57 4 3 
37 16 10 21 4 6 21 37 2 54 3 416 43 8 1 
2 36 12 6 21 7 2 19 21 
2 1 
13 34 6 3 
11 29 4 4 128 416 30 
5 57 
36 3 29 6 416 
4 2 
10 620 
39 4 14 41 5 8 18 5 17 19 577 148 53 19 22 13 71 30 16 7 21 30 2 7 5 138 5 4 
19 
28 21 8 2 27 
5 11 22 20 577 29 2 22 5 
620 
5 12 7 21 577 148 19 6 
4 
29 
73 577 8 
19 15 
13 
416 
18 20 30 7 
10 73 34 71 6 32 
5 10 23 
4 22 
411 
189 620 17 
411 4 8 23 5 577 43 32 
1 2 18 3 620 
411 11 5 21 10 3 17 30 22 21 8 28 34 2 90 11 58 10 577 148 25 3 20 7 7 88 5 138 620 34 14 2 6 
16 13 88 20 
7 
16 38 6 30 3 4 2 55 1 91 9 26 28 4 15 620 
6 43 
189 4 57 7 7 9 3 56 44 17 4 11 5 27 44 6 24 
11 27 
7 
8 411 6 13 23 11 14 3 30 8 9 20 73 90 35 4 3 13 5 2 57 3 33 5 11 133 20 1 10 3 
5 4 23 13 577 7 24 2 2 54 416 33 5 6 4 9 
21 6 
2 
8 12 620 
74 15 2 7 4 12 55 577 13 22 57 33 8 8 2 43 620 12 
13 4 12 22 
134 33 
20 
36 28 
2 43 189 33 90 3 
1 
13 7 
15 129 65 
6 2 11 
5 3 3 19 4 21 3 4 2 12 17 
4 99 24 82 10 25 56 5 33 6 7 4 2 9 6 
4 
53 27 1 
39 3 
5 85 138 620 22 6 
2 15 
13 18 82 14 4 55 7 1 7 17 15 17 7 
15 20 73 4 14 29 
3 7 3 36 
20 19 620 
12 2 231 7 9 17 90 60 37 38 14 3 1 416 3 4 11 
134 13 57 23 73 6 577 620 5 
9 9 620 2 27 
9 9 7 6 6 3 12 3 88 7 7 12 620 
128 10 
5 1 1 4 46 10 620 7 18 
2 411 14 189 10 11 12 17 5 33 53 30 10 11 8 88 18 
6 2 90 86 7 3 
5 231 577 4 
6 42 
411 32 6 23 6 5 82 8 2 6 88 
30 90 8 10 7 
411 60 5 138 25 21 
11 
6 7 51 75 7 5 5 577 12 3 44 11 6 3 4 620 
4 4 13 
411 12 1 11 3 33 5 
4 10 33 
5 8 
60 
411 53 8 37 16 3 51 82 4 3 55 18 23 60 577 3 2 133 33 1 8 
20 
61 
9 
15 73 5 3 
23 5 7 3 18 4 6 577 40 46 57 5 15 6 9 61 
6 20 13 577 71 47 2 11 30 24 
8 134 6 32 29 5 75 73 90 577 148 416 133 20 620 7 
39 5 1 6 1 53 577 53 18 57 1 3 5 3 5 27 24 
9 60 1 
11 22 41 51 8 1 7 30 2 2 36 34 7 3 65 72 6 
16 577 
23 6 17 15 
3 
34 28 47 25 416 65 44 
11 10 2 577 4 2 36 44 
3 13 
4 53 19 12 8 231 4 4 1 37 10 416 4 
8 189 34 99 29 23 4 9 577 416 18 620 34 8 65 
9 71 8 30 416 5 15 
1 3 
2 5 6 6 3 6 3 20 4 5 7 5 
4 
5 6 6 18 30 7 2 
9 7 2 9 1 4 3 4 
6 5 10 577 6 133 8 5 
577 8 
134 11 
2 2 9 99 75 3 73 129 12 7 7 577 1 56 9 
10 
5 53 
7 20 9 22 6 10 1 
416 
411 
53 189 3 26 21 3 231 7 1 14 2 4 2 91 1 8 1 33 7 6 90 7 21 133 9 38 30 44 
411 13 24 
416 
620 
3 39 5 
25 1 
3 28 138 
8 28 21 2 60 38 12 3 18 2 18 
14 90 
411 39 
91 71 6 86 
24 12 4 37 55 73 23 90 11 13 37 40 3 86 6 133 138 620 7 
19 7 8 2 3 6 
231 16 36 11 21 5 2 5 
21 189 7 46 416 8 8 
7 2 32 148 6 
16 
3 3 6 86 9 18 4 
8 10 2 5 6 85 3 22 2 53 
577 20 620 
8 
411 5 22 
411 3 231 13 19 23 30 25 
18 5 46 71 29 12 416 
15 73 577 5 4 23 
11 60 38 20 8 
11 
30 57 4 37 148 13 71 14 7 416 
2 9 
53 3 
99 620 27 
4 19 5 12 
20 11 27 
129 13 5 72 
24 6 9 577 21 3 4 620 
5 5 4 3 7 5 21 
5 17 33 21 
2 14 13 620 
411 8 
7 10 620 
22 
2 7 5 7 
60 23 6 30 57 99 51 19 5 55 15 5 577 91 26 3 90 13 416 8 43 25 
6 11 1 16 577 1 57 16 21 620 5 13 
5 
411 24 8 
27 
13 3 577 16 9 
37 56 26 6 133 5 38 75 4 3 
7 7 8 17 1 
20 
411 620 
411 9 22 
8 5 6 
22 620 
39 9 
21 
21 18 
20 620 
8 58 577 3 4 1 
4 51 3 9 20 22 8 4 2 8 
5 5 27 1 20 8 
30 17 
9 14 128 
19 11 
13 
60 3 38 
3 43 1 8 25 2 8 5 133 25 7 21 1 72 
25 55 6 25 6 7 9 
55 21 4 7 14 24 11 18 56 18 3 
11 20 
411 4 71 
53 5 2 189 17 5 5 18 1 22 4 5 11 39 416 5 36 75 10 3 
29 10 
11 22 416 
29 
7 58 39 5 231 73 85 29 12 4 12 46 57 5 86 12 8 10 7 6 4 
20 577 6 620 5 7 
8 620 
411 36 
3 15 2 30 10 
5 71 
7 10 
3 4 11 
8 4 30 6 18 4 17 33 91 11 26 71 3 75 7 7 
3 2 14 2 231 3 10 2 8 3 4 23 17 53 7 8 12 8 2 2 16 15 6 8 11 3 
13 
60 53 2 20 25 10 39 16 
10 1 6 7 4 12 
1 60 13 
3 2 14 2 231 3 10 2 8 3 4 23 17 53 7 8 12 8 2 16 6 11 3 
129 65 13 8 
6 11 14 5 30 29 28 8 6 5 5 5 
11 2 90 13 30 133 
16 11 43 3 11 18 57 231 23 3 11 36 3 55 128 15 577 44 4 57 16 5 4 
8 4 
11 7 8 577 12 1 5 4 
12 3 
17 5 4 189 4 12 26 13 57 6 90 43 39 44 
134 9 38 27 6 4 91 25 71 3 57 29 26 10 16 7 
6 17 4 7 
15 
20 14 12 57 11 10 7 8 91 16 28 57 86 17 4 3 3 3 9 9 4 25 17 5 
5 28 19 
57 12 577 56 
411 
12 6 19 12 11 18 30 5 5 15 
9 
43 21 5 6 21 25 
7 5 148 29 71 86 11 416 32 5 
7 231 82 577 29 
22 
82 9 29 86 17 4 6 9 
55 11 5 9 7 3 34 5 5 11 53 6 577 53 4 11 21 25 3 71 3 4 17 416 11 4 133 19 35 620 22 
3 22 71 
18 
8 47 
3 
10 27 416 20 
8 8 8 
75 18 1 3 9 3 21 2 91 40 2 620 2 
7 
16 4 4 6 14 11 21 14 
411 4 5 4 5 577 29 1 3 36 6 8 
60 6 71 57 43 
4 16 
189 18 22 5 577 3 6 3 6 13 
72 
4 5 620 3 
19 
13 
55 411 9 4 5 
12 15 5 99 21 65 5 33 4 
9 3 74 11 189 82 4 8 23 21 90 9 577 29 9 13 12 90 8 3 8 22 7 7 3 133 9 3 44 
411 58 22 6 24 8 13 19 91 37 12 4 3 22 8 2 
15 2 
411 20 
18 46 7 
5 577 
9 129 3 37 2 
53 36 12 37 4 27 8 7 416 15 3 8 620 4 19 
17 73 
1 2 
21 3 
134 3 37 28 4 7 5 
6 4 
34 73 
6 2 5 16 8 11 416 2 
15 3 5 4 9 9 9 23 9 6 9 23 4 60 29 2 91 6 13 46 11 17 5 10 8 2 7 7 65 17 8 72 6 
39 
9 10 8 
28 40 71 17 7 
6 10 3 
8 10 14 
6 
10 3 22 
3 11 5 
3 15 4 8 620 5 8 
3 10 13 6 9 
13 3 10 
19 61 
16 3 10 90 3 620 
12 13 20 
2 3 58 2 6 10 99 4 38 14 27 4 11 24 2 12 32 12 13 9 
11 
4 33 
411 5 
12 
41 2 
13 12 5 14 9 99 82 5 5 129 9 6 20 18 11 6 4 7 19 577 86 133 6 5 7 5 
6 14 12 82 577 40 39 4 4 86 10 11 65 133 3 3 
5 5 20 20 
5 2 14 231 24 8 128 4 3 
3 10 
2 10 
30 
3 10 47 
8 5 6 8 
9 3 2 620 
620 12 
411 231 30 28 19 
2 2 577 4 12 9 11 
10 30 231 82 12 38 13 22 15 58 8 46 17 30 17 416 3 13 10 29 7 4 2 5 
20 411 189 26 3 7 577 91 20 71 10 6 5 27 
411 21 4 
16 36 2 15 5 9 9 9 4 3 58 8 577 22 27 8 5 620 44 
57 90 577 9 7 
21 22 4 1 12 9 138 2 
13 3 11 57 9 9 11 
11 14 
3 20 5 7 5 7 
134 6 6 11 9 416 5 138 4 4 5 
60 2 58 18 20 10 12 9 577 148 8 5 10 11 3 3 7 27 23 12 
21 
10 2 18 3 11 11 15 
28 4 57 4 9 26 90 128 17 26 6 16 12 21 23 
411 4 189 5 10 8 85 53 71 5 56 46 2 133 13 17 3 18 
2 5 3 3 3 32 11 6 7 
9 18 21 73 577 16 34 24 
10 4 6 620 
17 28 577 12 620 72 
13 23 4 
55 9 5 
9 14 75 5 
3 
7 
57 3 12 
2 6 18 5 
11 24 6 
5 19 
134 74 43 14 37 231 11 6 577 12 16 7 1 620 61 72 
36 6 189 15 10 7 26 1 23 5 2 1 37 4 7 71 44 20 3 15 11 12 13 5 3 7 7 11 7 6 
3 74 5 10 231 8 17 24 13 12 1 577 1 16 
2 6 3 15 5 5 53 27 90 8 3 43 22 4 
10 
38 5 189 57 5 9 27 35 148 37 17 24 44 416 133 
11 41 8 14 7 6 21 71 21 3 
15 14 10 
36 8 5 9 9 3 1 3 13 8 51 4 10 13 8 7 19 6 4 8 37 12 4 86 8 11 5 133 3 10 1 23 2 
1 
23 74 27 8 3 55 577 11 7 3 18 43 1 8 
13 12 37 11 
3 5 57 6 416 7 5 10 
11 73 11 
4 4 1 2 10 3 11 6 18 14 38 73 8 15 33 577 15 6 9 57 25 90 17 2 29 8 620 3 61 30 
3 577 2 
38 12 5 3 10 57 90 8 2 18 
20 15 23 
134 577 
1 30 6 
13 13 
134 3 2 17 19 14 2 5 
3 2 2 7 577 29 3 28 11 9 3 
5 15 17 
5 
620 
2 189 8 
8 
6 6 23 8 3 13 10 7 44 
19 21 9 620 22 11 
33 7 
411 53 2 42 10 
11 19 1 
8 
11 51 9 2 90 13 30 53 6 577 8 3 12 4 5 3 19 
4 22 4 29 1 3 2 2 3 128 577 53 57 6 8 54 416 7 11 15 
2 
12 
411 11 620 4 
15 58 8 18 99 3 30 12 5 3 577 3 10 25 4 19 
4 8 
577 24 
9 11 
411 8 3 620 
4 27 8 7 11 
60 22 7 2 620 
7 82 7 16 88 620 11 
24 21 3 9 65 33 44 
231 
25 
5 41 19 2 1 4 3 5 
5 
4 18 
411 
2 134 5 10 19 2 73 8 5 8 17 1 577 7 43 3 39 4 27 18 620 
33 
6 9 9 23 2 2 3 9 6 2 22 5 6 1 60 8 1 13 22 38 44 16 416 43 21 6 88 138 75 34 10 15 2 1 9 5 44 
43 73 3 8 
16 22 23 
4 189 15 2 20 53 11 12 20 620 22 
5 2 620 
17 5 
51 10 17 4 2 90 416 
6 13 5 
3 
19 
411 6 16 17 189 30 9 18 14 3 3 58 577 13 10 12 57 18 3 11 8 11 4 133 7 620 3 
19 22 18 5 10 620 
4 
1 23 1 58 
231 6 29 12 16 577 7 57 18 14 4 9 2 21 138 620 
6 18 12 11 
8 
411 10 10 11 12 5 2 3 5 57 3 11 4 
57 17 16 
25 5 
6 74 11 99 3 23 577 13 12 5 15 4 10 10 18 6 4 27 
620 
620 
7 20 74 22 5 9 20 1 21 2 1 416 43 8 
38 27 620 
39 231 2 1 620 
4 3 75 7 3 18 9 4 7 57 620 25 9 7 24 
15 5 9 17 3 18 577 3 12 47 12 8 35 2 15 
411 129 8 86 13 
189 29 42 129 4 5 16 13 5 
8 10 14 30 6 9 57 46 26 5 
2 53 8 16 3 7 10 13 
54 
60 36 11 82 23 5 44 3 6 3 
11 25 5 6 3 18 24 5 53 5 15 4 20 12 5 16 7 5 
411 57 5 
12 8 4 10 18 
13 2 17 6 4 16 8 40 5 47 86 90 15 4 5 13 
411 2 33 11 231 30 85 2 4 3 9 11 4 7 2 11 138 22 19 
13 231 30 128 90 15 6 2 620 4 
7 133 
8 577 2 3 6 
3 3 13 24 2 27 138 620 10 
33 11 39 6 82 10 13 9 5 4 58 577 29 8 3 3 4 11 25 
2 7 138 
6 
11 16 10 15 19 
5 6 
17 9 22 2 24 620 
1 
21 
4 4 13 74 14 7 5 36 4 8 58 10 577 21 4 5 2 10 6 4 
21 34 10 17 91 7 9 8 620 14 
5 5 6 
5 13 6 17 620 
411 5 46 
3 55 12 86 20 33 1 620 
6 41 4 10 25 577 65 3 
18 18 
411 189 128 40 
16 231 8 57 7 57 10 21 4 22 
7 129 
6 20 5 7 
18 8 39 7 9 
9 577 15 
134 53 9 15 7 9 7 
4 33 
577 
148 
5 
36 7 42 37 23 8 577 54 23 20 9 620 12 
12 9 
411 8 10 7 8 55 11 7 26 8 6 1 2 12 
21 13 7 3 3 
10 
38 129 73 19 27 7 17 14 620 
8 8 620 
6 41 71 65 620 9 
5 6 416 
7 4 7 13 416 7 
57 129 73 22 
3 5 29 
8 
19 8 41 3 11 231 3 9 128 21 26 71 5 88 
9 5 
19 58 72 
411 620 
11 
99 577 13 416 620 30 
18 7 65 
12 
9 4 23 8 
29 29 6 16 3 2 42 
7 
41 37 7 3 46 
53 5 9 577 57 22 2 
34 6 
6 13 32 6 55 27 47 4 6 17 3 
9 134 3 36 231 2 10 3 9 138 3 8 
6 
5 2 4 8 11 
60 13 3 60 38 12 88 4 
14 
6 
19 
71 10 
21 
2 
1 3 4 18 30 17 7 55 12 34 90 27 13 577 39 57 10 86 416 18 7 42 138 13 
416 
23 
22 
2 26 8 
411 90 620 
5 
18 620 17 
411 90 620 
416 6 
4 7 7 7 18 2 4 4 4 1 
9 5 4 21 33 12 15 8 
416 
30 99 9 11 18 4 6 8 11 
10 7 
129 10 71 13 
21 9 3 4 11 4 90 6 8 11 416 22 
411 3 13 2 
22 
26 7 
411 
29 34 12 71 2 90 5 12 12 8 4 
5 2 416 32 
1 11 
411 13 
6 3 
10 7 3 17 9 17 
18 
2 22 1 3 51 1 4 36 37 5 22 6 28 13 13 23 53 148 7 4 27 7 15 6 2 4 18 133 9 5 3 65 
411 11 13 16 7 620 12 
22 129 9 32 
20 21 
26 
53 12 30 36 5 
39 4 189 7 577 86 10 620 
4 2 5 620 
19 
11 9 
25 4 23 8 3 4 9 
134 51 18 23 90 19 16 15 
411 3 
411 9 9 21 1 11 33 30 
12 16 9 8 3 51 7 75 7 38 73 3 22 5 16 7 7 12 2 2 24 
10 12 
10 4 4 1 11 10 11 1 14 11 5 4 4 16 8 9 2 12 6 6 4 9 
1 25 10 9 8 620 
411 11 9 2 
129 8 
13 5 57 9 8 7 44 
13 7 10 4 10 
14 9 
129 14 620 
24 22 37 
18 22 5 7 4 4 5 25 47 10 9 54 3 
53 12 12 22 
38 73 11 620 
60 75 3 6 53 33 620 3 2 17 23 
9 14 21 34 21 5 416 620 44 3 8 3 3 
33 1 
13 82 148 25 4 
3 
7 6 577 7 2 88 620 11 
411 2 18 71 29 4 61 72 
47 27 15 25 416 13 38 75 620 
12 
5 411 134 58 3 7 12 53 58 39 12 5 6 
6 8 2 9 4 91 8 35 
16 4 24 
20 3 5 6 231 10 1 85 3 3 1 13 3 57 86 1 6 4 7 38 30 17 72 44 
10 8 5 99 9 75 3 129 5 9 11 7 3 4 29 5 8 17 5 
34 7 29 90 8 5 
25 55 12 85 4 1 15 416 14 138 27 
1 
5 10 3 11 3 
27 15 
5 7 
2 57 10 5 
10 10 
7 
5 6 
82 22 29 
57 3 416 
6 19 6 129 577 46 4 6 138 
20 6 71 
411 60 58 34 10 17 16 128 15 20 46 29 65 13 
13 
3 
2 12 2 
60 18 29 3 3 4 36 8 23 30 17 6 30 577 8 8 1 6 15 4 22 12 133 3 7 11 
3 57 6 9 
411 6 134 51 18 21 18 3 4 8 7 3 3 4 10 26 7 17 6 16 13 17 2 4 2 
3 47 138 
7 7 57 21 29 6 577 148 26 46 71 2 3 416 18 15 14 3 7 
17 
9 
17 5 128 57 3 39 14 6 6 25 3 
15 75 44 5 133 5 
3 2 
14 6 6 1 8 5 9 
4 
2 10 35 5 12 6 
8 8 
21 
3 
189 6 16 3 
8 4 8 
8 24 620 
134 73 9 20 620 
30 
189 1 231 60 40 86 21 12 
13 
8 82 148 19 620 
15 2 14 
11 19 28 
411 30 20 65 620 61 
2 6 13 23 231 36 5 4 6 53 3 55 58 12 577 10 3 10 6 9 138 5 23 
22 5 41 12 15 19 28 148 4 27 61 
411 13 9 4 231 99 11 1 577 65 620 
20 7 
8 8 
21 8 22 577 2 21 12 3 3 
2 10 
3 10 6 32 
16 22 17 
411 2 18 28 
12 99 
39 32 3 4 85 6 12 16 
2 8 65 14 
13 9 5 4 18 44 
5 
6 
11 14 3 19 13 
1 2 8 7 3 6 30 
9 
20 20 3 28 39 12 14 5 1 85 19 4 13 22 3 4 21 12 36 10 6 24 
3 3 620 23 
14 9 73 4 4 2 1 3 18 30 30 
2 36 6 11 33 11 231 12 13 4 5 55 7 22 28 15 53 16 26 11 4 3 12 138 620 3 5 
4 32 2 7 75 38 34 3 1 12 6 19 6 46 2 5 8 5 
8 6 38 4 25 6 91 40 25 21 416 43 7 8 4 
15 
12 8 
73 416 13 
12 73 17 17 
134 75 3 8 8 620 
2 12 18 10 7 37 4 7 7 7 30 86 17 1 15 1 2 3 1 8 1 7 
46 416 22 
60 11 11 58 577 21 2 2 
16 
14 5 7 
12 22 7 3 54 8 27 
6 8 14 9 6 
7 620 3 
11 8 
9 
10 
17 7 17 1 8 35 53 6 6 2 17 4 15 9 8 7 
4 16 8 33 9 4 7 
9 
231 416 
6 11 
37 3 2 42 4 620 
134 3 189 5 7 21 
416 
4 3 6 620 
8 134 5 189 14 18 2 3 7 25 44 7 2 7 21 5 
2 99 18 8 9 38 9 128 28 577 37 30 3 12 138 620 22 16 
12 
6 
8 5 22 4 6 231 7 5 4 4 3 7 8 577 3 6 16 65 35 8 
53 7 16 91 6 6 
2 4 
20 11 
5 22 4 37 
4 13 
416 12 65 
55 37 21 71 6 11 33 34 
416 65 
411 9 15 11 7 3 12 53 148 4 5 28 15 3 9 
11 
416 19 
411 9 12 4 5 15 23 6 577 8 4 416 27 28 65 34 5 1 
4 15 12 12 12 9 21 6 57 65 
3 
18 
411 20 189 4 18 577 40 15 5 34 1 
8 
20 7 9 
8 3 8 3 6 
231 7 16 27 46 39 33 
1 27 46 
4 4 12 24 577 3 
5 5 5 9 4 
411 6 28 22 8 3 55 577 21 22 3 133 2 7 61 5 
5 56 33 
12 23 12 19 33 3 2 39 17 15 3 7 8 13 
28 13 231 18 6 128 6 4 2 12 33 138 4 620 4 65 72 
39 189 17 57 17 231 99 2 3 23 128 577 17 56 17 17 9 33 7 13 
8 22 14 6 
13 21 3 416 
411 19 18 4 5 
6 3 17 
